1 5
5 10
7 11
5 13
12 13
13 14
7 19
13 21
2 23
1 24
6 24
1 26
5 26
10 26
18 27
19 28
1 29
6 31
10 31
14 31
24 31
8 32
20 32
2 33
20 33
13 34
30 35
18 37
27 37
6 38
24 38
31 38
14 39
29 39
5 41
20 41
24 41
31 41
38 41
24 42
31 42
38 42
41 42
19 43
30 43
35 43
7 44
8 44
11 44
19 44
28 44
23 45
29 45
36 45
40 45
1 46
7 46
11 46
19 46
28 46
44 46
14 47
1 48
15 48
21 49
24 49
26 49
31 49
32 49
38 49
41 49
12 50
13 50
21 50
49 50
5 52
7 52
24 52
41 52
42 52
6 53
24 53
31 53
38 53
41 53
42 53
49 53
20 54
26 54
10 55
26 55
29 55
12 58
13 58
24 58
32 58
49 58
50 58
52 58
13 59
14 59
15 59
23 59
34 59
39 59
42 59
47 59
48 59
49 59
53 59
2 60
10 60
23 60
26 60
29 60
36 60
45 60
5 61
10 61
24 61
26 61
29 61
48 61
55 61
59 61
10 62
11 62
14 62
19 62
28 62
44 62
46 62
38 63
41 63
49 63
53 63
59 63
2 64
12 64
20 64
21 64
22 64
31 64
32 64
43 64
49 64
50 64
58 64
15 65
16 65
48 65
62 67
1 68
2 68
5 68
10 68
23 68
24 68
25 68
26 68
29 68
30 68
31 68
36 68
40 68
45 68
49 68
54 68
55 68
59 68
60 68
61 68
64 70
14 71
39 71
41 71
59 71
11 72
21 72
29 72
49 72
58 72
64 72
68 72
1 73
5 73
10 73
26 73
52 73
55 73
61 73
68 73
1 74
13 74
19 74
20 74
33 74
51 74
58 74
59 74
62 74
8 75
19 75
14 76
15 76
46 76
47 76
48 76
59 76
65 76
74 76
30 77
35 77
43 77
68 77
23 78
68 78
68 80
75 81
21 82
13 83
35 83
43 83
64 83
69 83
81 83
1 84
2 84
13 84
21 84
33 84
35 84
43 84
64 84
68 84
77 84
82 84
15 85
47 85
59 85
65 85
76 85
1 86
14 86
29 86
30 86
34 86
35 86
37 86
38 86
43 86
52 86
64 86
69 86
72 86
77 86
83 86
84 86
14 87
30 87
34 87
35 87
43 87
50 87
83 87
84 87
86 87
10 88
23 88
26 88
29 88
54 88
55 88
59 88
61 88
73 88
47 89
59 89
1 90
5 90
10 90
24 90
26 90
29 90
55 90
60 90
61 90
68 90
73 90
88 90
33 91
84 91
32 92
33 92
59 92
8 93
20 93
32 93
68 93
5 94
6 94
24 94
31 94
38 94
41 94
49 94
53 94
59 94
63 94
31 95
39 95
85 96
4 97
14 97
17 97
59 97
62 97
68 97
87 97
35 98
49 98
64 98
86 98
87 98
1 99
5 99
10 99
23 99
26 99
29 99
36 99
45 99
47 99
54 99
60 99
61 99
68 99
73 99
78 99
84 99
88 99
90 99
6 100
13 100
24 100
31 100
41 100
49 100
53 100
63 100
94 100
14 101
28 101
31 101
47 101
62 101
24 102
52 102
86 103
98 103
1 104
52 104
58 104
1 105
5 105
23 105
24 105
52 105
60 105
68 105
73 105
90 105
99 105
28 106
49 106
64 106
68 106
72 106
1 107
13 107
30 107
34 107
43 107
49 107
52 107
58 107
64 107
74 107
83 107
84 107
86 107
98 107
103 107
104 107
105 107
24 109
31 109
42 109
49 109
52 109
104 109
105 109
107 109
1 110
5 110
24 110
26 110
30 110
34 110
43 110
49 110
51 110
58 110
64 110
68 110
73 110
74 110
76 110
83 110
86 110
90 110
107 110
1 111
10 111
23 111
26 111
52 111
54 111
55 111
61 111
68 111
73 111
88 111
90 111
99 111
102 111
105 111
109 111
110 111
11 113
19 113
28 113
44 113
46 113
62 113
67 113
75 113
86 113
97 113
106 113
11 114
19 114
1 115
5 115
52 115
68 115
73 115
90 115
99 115
104 115
107 115
110 115
111 115
1 116
5 116
10 116
23 116
25 116
26 116
29 116
45 116
55 116
60 116
61 116
68 116
73 116
78 116
88 116
90 116
99 116
105 116
111 116
1 117
13 117
21 117
49 117
50 117
52 117
58 117
64 117
72 117
86 117
107 117
110 117
24 118
41 118
49 118
53 118
59 118
63 118
94 118
101 118
7 119
44 119
113 119
5 120
10 120
29 120
30 120
35 120
61 120
64 120
67 120
68 120
83 120
86 120
87 120
110 120
8 121
44 121
45 121
61 121
62 121
68 121
78 121
99 121
113 121
116 121
2 122
4 122
33 122
43 122
49 122
64 122
68 122
84 122
87 122
91 122
115 122
4 123
33 123
68 123
91 123
21 124
39 124
64 124
122 124
1 125
5 125
10 125
13 125
23 125
26 125
68 125
71 125
73 125
88 125
90 125
99 125
105 125
107 125
110 125
111 125
115 125
116 125
14 126
15 126
19 126
48 126
62 126
74 126
97 126
15 127
47 127
48 127
59 127
65 127
76 127
85 127
94 127
96 127
100 127
7 128
11 128
19 128
28 128
44 128
46 128
49 128
101 128
106 128
113 128
114 128
2 129
23 129
29 129
33 129
45 129
49 129
60 129
68 129
82 129
84 129
99 129
116 129
120 129
123 129
20 130
26 130
51 130
62 130
67 130
74 130
93 130
112 130
11 131
23 131
60 131
64 131
69 131
83 131
84 131
99 131
122 131
124 131
129 131
6 132
10 132
19 132
24 132
31 132
33 132
38 132
41 132
49 132
53 132
59 132
64 132
93 132
94 132
101 132
128 132
1 133
10 133
67 133
72 133
74 133
89 133
110 133
117 133
119 133
37 134
49 134
72 134
117 134
131 134
132 134
26 135
41 135
118 135
21 136
49 136
59 136
64 136
71 136
72 136
86 136
5 137
8 137
13 137
19 137
32 137
52 137
58 137
64 137
74 137
86 137
107 137
114 137
24 139
31 139
41 139
42 139
49 139
51 139
52 139
94 139
109 139
110 139
132 139
22 140
86 140
124 140
6 141
24 141
31 141
38 141
41 141
47 141
49 141
52 141
53 141
63 141
76 141
94 141
100 141
110 141
118 141
1 142
13 142
21 142
35 142
64 142
77 142
81 142
82 142
83 142
86 142
107 142
1 143
2 143
12 143
13 143
19 143
21 143
22 143
33 143
36 143
49 143
50 143
58 143
64 143
72 143
84 143
98 143
117 143
122 143
132 143
134 143
1 144
12 144
13 144
35 144
43 144
50 144
64 144
83 144
84 144
86 144
87 144
107 144
109 144
110 144
111 144
117 144
142 144
24 145
38 145
41 145
42 145
52 145
53 145
102 145
107 145
109 145
139 145
144 145
17 146
62 146
97 146
138 146
1 147
8 147
13 147
64 147
73 147
74 147
102 147
105 147
107 147
109 147
110 147
125 147
129 147
144 147
1 148
5 148
26 148
68 148
73 148
74 148
90 148
99 148
111 148
125 148
139 148
5 149
19 149
44 149
46 149
52 149
62 149
113 149
114 149
128 149
6 150
24 150
31 150
38 150
41 150
42 150
49 150
52 150
53 150
59 150
63 150
94 150
100 150
118 150
132 150
141 150
7 152
10 152
11 152
14 152
19 152
20 152
29 152
39 152
44 152
47 152
62 152
74 152
86 152
93 152
97 152
101 152
112 152
113 152
123 152
130 152
132 152
7 153
12 153
13 153
19 153
36 153
50 153
58 153
74 153
117 153
143 153
1 154
5 154
13 154
19 154
33 154
68 154
77 154
102 154
109 154
110 154
117 154
137 154
147 154
32 156
47 156
52 156
64 156
68 156
93 156
130 156
152 156
44 157
52 157
86 157
115 157
133 157
137 157
5 158
14 158
15 158
24 158
34 158
42 158
47 158
48 158
52 158
54 158
58 158
59 158
65 158
71 158
76 158
85 158
89 158
109 158
110 158
111 158
115 158
117 158
118 158
127 158
139 158
141 158
147 158
148 158
24 159
31 159
42 159
52 159
53 159
118 159
139 159
2 160
33 160
41 160
82 160
112 160
122 160
131 160
143 160
1 161
13 161
48 161
64 161
102 161
104 161
109 161
145 161
153 161
154 161
156 161
21 162
143 162
23 163
68 163
108 163
127 163
143 163
10 164
40 164
45 164
49 164
59 164
68 164
99 164
23 165
26 165
45 165
60 165
61 165
68 165
71 165
88 165
90 165
99 165
116 165
123 165
125 165
35 166
86 166
133 166
24 167
31 167
38 167
41 167
42 167
53 167
59 167
63 167
68 167
94 167
100 167
118 167
131 167
145 167
160 167
99 168
1 169
3 169
11 169
13 169
19 169
23 169
24 169
33 169
40 169
42 169
44 169
46 169
48 169
49 169
50 169
51 169
52 169
53 169
56 169
57 169
62 169
65 169
67 169
71 169
81 169
86 169
89 169
94 169
97 169
106 169
107 169
110 169
111 169
113 169
115 169
117 169
119 169
132 169
133 169
137 169
139 169
145 169
147 169
148 169
149 169
150 169
151 169
153 169
154 169
157 169
161 169
1 170
23 170
26 170
60 170
68 170
78 170
88 170
99 170
116 170
129 170
131 170
2 171
23 171
26 171
31 171
33 171
41 171
60 171
68 171
82 171
84 171
86 171
93 171
99 171
106 171
112 171
124 171
129 171
161 171
167 171
168 171
170 171
24 172
31 172
41 172
52 172
145 172
169 172
8 173
11 173
20 173
28 173
44 173
46 173
49 173
52 173
64 173
72 173
75 173
106 173
114 173
128 173
130 173
137 173
149 173
169 173
10 174
23 174
68 174
90 174
99 174
100 174
113 174
116 174
123 174
139 174
165 174
171 174
163 175
59 176
126 176
5 177
23 177
26 177
49 177
99 177
116 177
156 177
165 177
170 177
19 178
28 178
44 178
99 178
114 178
165 178
1 179
102 179
104 179
115 179
147 179
149 179
154 179
47 180
59 180
71 180
127 180
1 181
7 181
11 181
19 181
46 181
52 181
58 181
107 181
110 181
113 181
114 181
137 181
149 181
154 181
157 181
169 181
173 181
92 182
10 183
68 183
86 183
90 183
99 183
15 184
24 184
31 184
52 184
94 184
111 184
118 184
141 184
150 184
158 184
15 185
47 185
48 185
58 185
59 185
71 185
76 185
85 185
126 185
127 185
141 185
158 185
169 185
175 185
1 186
12 186
19 186
21 186
41 186
46 186
71 186
76 186
107 186
123 186
129 186
137 186
144 186
145 186
147 186
154 186
161 186
169 186
179 186
12 187
13 187
21 187
36 187
50 187
57 187
58 187
117 187
134 187
143 187
153 187
39 188
42 188
47 188
48 188
59 188
61 188
68 188
95 188
127 188
158 188
33 189
41 189
50 189
64 189
122 189
143 189
26 190
60 190
64 190
68 190
73 190
99 190
110 190
115 190
117 190
120 190
132 190
169 190
177 190
1 191
5 191
10 191
14 191
17 191
29 191
31 191
45 191
59 191
61 191
68 191
84 191
87 191
90 191
97 191
99 191
116 191
122 191
123 191
129 191
152 191
160 191
26 192
41 192
47 192
63 192
118 192
127 192
6 193
24 193
31 193
38 193
41 193
42 193
44 193
49 193
52 193
53 193
59 193
63 193
64 193
68 193
72 193
86 193
94 193
100 193
106 193
109 193
110 193
113 193
127 193
132 193
141 193
150 193
159 193
167 193
169 193
172 193
173 193
174 193
188 193
192 193
1 194
2 194
14 194
21 194
22 194
33 194
45 194
47 194
49 194
64 194
68 194
82 194
84 194
91 194
99 194
100 194
110 194
117 194
122 194
123 194
124 194
131 194
133 194
140 194
142 194
143 194
151 194
160 194
167 194
169 194
171 194
174 194
191 194
2 195
11 195
14 195
21 195
29 195
78 195
79 195
84 195
91 195
95 195
122 195
124 195
129 195
160 195
171 195
194 195
1 196
11 196
14 196
15 196
16 196
39 196
41 196
42 196
43 196
47 196
59 196
61 196
76 196
88 196
101 196
118 196
129 196
156 196
158 196
159 196
169 196
172 196
180 196
185 196
188 196
192 196
15 197
46 197
48 197
59 197
65 197
76 197
127 197
158 197
169 197
184 197
185 197
196 197
1 198
5 198
6 198
7 198
20 198
24 198
30 198
31 198
36 198
38 198
41 198
42 198
47 198
49 198
52 198
53 198
54 198
58 198
59 198
61 198
63 198
74 198
76 198
90 198
94 198
100 198
101 198
102 198
107 198
109 198
110 198
111 198
118 198
126 198
132 198
135 198
139 198
141 198
145 198
148 198
150 198
153 198
158 198
159 198
165 198
167 198
169 198
172 198
174 198
179 198
184 198
188 198
191 198
192 198
193 198
196 198
17 199
62 199
126 199
176 199
5 200
59 200
74 200
149 200
158 200
169 200
186 200
198 200
13 201
36 201
58 201
71 201
143 201
163 201
198 201
1 202
12 202
13 202
51 202
58 202
74 202
137 202
143 202
153 202
169 202
181 202
185 202
187 202
11 203
5 204
12 204
13 204
52 204
58 204
64 204
117 204
143 204
153 204
161 204
179 204
187 204
189 204
202 204
1 205
42 205
45 205
61 205
68 205
86 205
116 205
122 205
125 205
133 205
169 205
170 205
174 205
182 205
188 205
190 205
198 205
14 206
47 206
59 206
65 206
120 206
127 206
158 206
180 206
185 206
196 206
198 206
1 207
5 207
26 207
45 207
54 207
59 207
60 207
68 207
73 207
88 207
90 207
99 207
111 207
116 207
125 207
148 207
165 207
169 207
170 207
174 207
177 207
188 207
190 207
205 207
112 208
1 209
15 209
19 209
47 209
48 209
59 209
65 209
71 209
76 209
109 209
110 209
158 209
169 209
181 209
196 209
31 210
39 210
95 210
166 210
189 210
7 211
15 211
17 211
19 211
29 211
34 211
42 211
44 211
46 211
47 211
48 211
59 211
61 211
79 211
86 211
95 211
97 211
112 211
113 211
120 211
126 211
128 211
149 211
152 211
169 211
185 211
188 211
191 211
193 211
194 211
197 211
198 211
199 211
205 211
29 212
31 212
41 212
42 212
45 212
60 212
61 212
68 212
78 212
88 212
90 212
99 212
116 212
120 212
123 212
129 212
152 212
164 212
177 212
188 212
191 212
198 212
205 212
211 212
32 213
51 213
58 213
73 213
74 213
93 213
130 213
137 213
139 213
156 213
169 213
200 213
202 213
2 214
10 214
16 214
27 214
43 214
47 214
48 214
49 214
59 214
65 214
68 214
69 214
71 214
72 214
76 214
83 214
85 214
89 214
91 214
94 214
96 214
100 214
101 214
110 214
115 214
117 214
119 214
127 214
128 214
129 214
132 214
136 214
139 214
147 214
148 214
150 214
155 214
157 214
158 214
161 214
167 214
169 214
172 214
179 214
180 214
186 214
188 214
192 214
195 214
196 214
198 214
200 214
204 214
209 214
212 214
1 215
10 215
26 215
29 215
42 215
45 215
47 215
54 215
55 215
60 215
61 215
62 215
68 215
73 215
78 215
90 215
99 215
105 215
111 215
116 215
121 215
123 215
125 215
129 215
131 215
144 215
168 215
170 215
174 215
177 215
188 215
190 215
191 215
194 215
195 215
198 215
205 215
207 215
209 215
211 215
212 215
214 215
2 216
10 216
26 216
47 216
54 216
64 216
68 216
76 216
84 216
85 216
99 216
112 216
116 216
127 216
141 216
148 216
160 216
165 216
169 216
170 216
177 216
192 216
195 216
198 216
206 216
214 216
126 217
151 217
169 217
176 217
211 217
212 217
12 218
13 218
21 218
143 218
153 218
169 218
187 218
202 218
2 219
23 219
35 219
41 219
43 219
77 219
82 219
83 219
84 219
86 219
87 219
107 219
144 219
169 219
170 219
171 219
177 219
211 219
1 220
5 220
20 220
74 220
93 220
147 220
161 220
169 220
171 220
186 220
214 220
24 221
41 221
52 221
53 221
59 221
63 221
100 221
101 221
118 221
139 221
150 221
184 221
192 221
196 221
198 221
31 222
47 222
49 222
58 222
59 222
64 222
71 222
86 222
89 222
98 222
127 222
136 222
143 222
158 222
171 222
196 222
214 222
36 223
99 223
143 223
153 223
187 223
202 223
24 224
31 224
49 224
94 224
107 224
109 224
147 224
154 224
191 224
193 224
198 224
214 224
128 225
143 225
187 225
222 225
14 226
39 226
47 226
59 226
62 226
65 226
97 226
121 226
126 226
127 226
152 226
158 226
163 226
176 226
180 226
185 226
188 226
196 226
206 226
211 226
214 226
20 227
67 227
152 227
169 227
59 228
77 228
86 228
127 228
132 228
142 228
154 228
189 228
194 228
214 228
55 229
61 229
108 229
143 229
163 229
175 229
187 229
201 229
204 229
33 230
49 230
58 230
64 230
68 230
72 230
86 230
94 230
110 230
117 230
131 230
143 230
169 230
171 230
182 230
187 230
194 230
202 230
204 230
214 230
215 230
1 231
6 231
10 231
20 231
21 231
32 231
49 231
58 231
64 231
68 231
74 231
86 231
99 231
103 231
112 231
130 231
136 231
137 231
152 231
154 231
161 231
169 231
171 231
230 231
1 232
5 232
13 232
16 232
24 232
102 232
105 232
110 232
111 232
115 232
125 232
137 232
147 232
154 232
161 232
179 232
186 232
200 232
231 232
5 233
7 233
19 233
28 233
44 233
52 233
62 233
64 233
74 233
106 233
107 233
109 233
111 233
113 233
114 233
128 233
133 233
137 233
143 233
149 233
157 233
158 233
161 233
169 233
173 233
179 233
181 233
186 233
211 233
214 233
231 233
232 233
59 234
67 234
79 234
97 234
118 234
121 234
127 234
180 234
191 234
198 234
211 234
221 234
30 235
43 235
68 235
84 235
86 235
107 235
110 235
137 235
142 235
144 235
169 235
186 235
214 235
232 235
233 235
1 236
13 236
47 236
48 236
52 236
59 236
109 236
111 236
115 236
127 236
147 236
148 236
158 236
172 236
184 236
185 236
196 236
197 236
198 236
209 236
228 236
14 237
61 237
67 237
108 237
143 237
163 237
175 237
187 237
201 237
209 237
229 237
8 238
19 238
20 238
21 238
32 238
36 238
49 238
50 238
51 238
58 238
59 238
62 238
67 238
68 238
74 238
86 238
92 238
93 238
112 238
113 238
120 238
130 238
132 238
134 238
137 238
147 238
152 238
156 238
158 238
161 238
188 238
198 238
201 238
207 238
211 238
213 238
214 238
223 238
227 238
231 238
1 239
41 239
45 239
68 239
89 239
101 239
109 239
151 239
188 239
193 239
194 239
197 239
198 239
217 239
233 239
11 240
113 240
118 240
124 240
126 240
160 240
169 240
176 240
196 240
199 240
200 240
211 240
217 240
23 241
55 241
68 241
88 241
121 241
1 242
29 242
42 242
45 242
68 242
73 242
77 242
90 242
99 242
116 242
125 242
129 242
152 242
171 242
174 242
188 242
190 242
191 242
193 242
205 242
207 242
211 242
212 242
231 242
232 242
31 243
59 243
180 243
214 243
234 243
6 244
24 244
31 244
38 244
41 244
49 244
53 244
86 244
94 244
100 244
107 244
109 244
141 244
150 244
160 244
167 244
174 244
182 244
192 244
193 244
198 244
205 244
224 244
242 244
1 245
30 245
34 245
43 245
54 245
83 245
86 245
87 245
98 245
100 245
103 245
107 245
110 245
111 245
144 245
219 245
235 245
239 245
15 246
48 246
59 246
65 246
76 246
85 246
118 246
127 246
133 246
158 246
180 246
185 246
192 246
196 246
197 246
206 246
209 246
214 246
216 246
15 247
47 247
48 247
59 247
65 247
71 247
76 247
127 247
148 247
158 247
169 247
185 247
196 247
197 247
198 247
200 247
209 247
232 247
236 247
246 247
1 248
13 248
43 248
49 248
64 248
84 248
86 248
87 248
103 248
107 248
109 248
110 248
125 248
133 248
142 248
144 248
147 248
154 248
160 248
169 248
186 248
191 248
219 248
224 248
232 248
235 248
245 248
8 249
19 249
31 249
32 249
49 249
58 249
64 249
86 249
93 249
106 249
137 249
143 249
156 249
169 249
171 249
173 249
231 249
238 249
220 250
19 251
28 251
44 251
46 251
74 251
110 251
113 251
119 251
137 251
169 251
173 251
181 251
214 251
233 251
1 252
5 252
10 252
20 252
23 252
26 252
29 252
49 252
54 252
60 252
68 252
73 252
74 252
76 252
82 252
83 252
84 252
88 252
90 252
93 252
99 252
106 252
111 252
112 252
120 252
121 252
123 252
125 252
129 252
130 252
148 252
152 252
164 252
165 252
168 252
170 252
171 252
174 252
177 252
178 252
183 252
188 252
191 252
207 252
215 252
216 252
238 252
242 252
47 253
62 253
97 253
101 253
126 253
196 253
199 253
211 253
13 254
30 254
43 254
64 254
69 254
77 254
83 254
84 254
86 254
87 254
103 254
120 254
131 254
144 254
154 254
194 254
219 254
231 254
235 254
248 254
252 254
6 255
24 255
31 255
41 255
42 255
49 255
52 255
53 255
59 255
63 255
86 255
94 255
118 255
141 255
150 255
158 255
159 255
184 255
192 255
193 255
198 255
221 255
226 255
234 255
1 256
5 256
11 256
20 256
23 256
26 256
29 256
54 256
60 256
61 256
68 256
73 256
90 256
93 256
99 256
111 256
115 256
116 256
125 256
129 256
130 256
165 256
170 256
171 256
177 256
188 256
190 256
207 256
212 256
215 256
216 256
252 256
1 257
11 257
126 257
176 257
194 257
196 257
240 257
214 258
13 259
14 259
24 259
31 259
38 259
41 259
42 259
49 259
52 259
53 259
87 259
94 259
100 259
109 259
139 259
141 259
145 259
167 259
169 259
198 259
204 259
214 259
221 259
233 259
2 260
12 260
13 260
21 260
32 260
43 260
49 260
50 260
52 260
58 260
64 260
70 260
72 260
84 260
86 260
98 260
100 260
106 260
107 260
117 260
134 260
136 260
137 260
143 260
153 260
157 260
187 260
189 260
190 260
201 260
202 260
204 260
218 260
222 260
230 260
231 260
238 260
249 260
1 261
5 261
13 261
14 261
24 261
29 261
54 261
59 261
61 261
68 261
73 261
88 261
90 261
100 261
107 261
110 261
111 261
117 261
125 261
139 261
144 261
158 261
179 261
186 261
215 261
232 261
252 261
259 261
10 262
26 262
45 262
55 262
68 262
73 262
90 262
99 262
111 262
120 262
125 262
216 262
252 262
1 263
45 263
55 263
61 263
68 263
88 263
90 263
99 263
116 263
121 263
123 263
125 263
129 263
165 263
174 263
191 263
196 263
212 263
215 263
242 263
262 263
15 264
47 264
48 264
59 264
63 264
65 264
89 264
127 264
158 264
180 264
185 264
196 264
197 264
209 264
226 264
247 264
25 265
29 265
68 265
116 265
121 265
215 265
30 266
98 266
11 267
14 267
39 267
47 267
59 267
68 267
130 267
196 267
226 267
198 268
22 269
140 269
1 270
6 270
7 270
19 270
28 270
52 270
58 270
68 270
74 270
128 270
137 270
144 270
149 270
153 270
157 270
169 270
173 270
181 270
198 270
214 270
233 270
251 270
1 271
13 271
19 271
41 271
102 271
137 271
147 271
154 271
171 271
179 271
181 271
186 271
200 271
220 271
232 271
233 271
235 271
248 271
25 272
26 272
29 272
68 272
99 272
116 272
121 272
129 272
177 272
195 272
207 272
212 272
241 272
252 272
256 272
265 272
2 273
14 273
21 273
22 273
23 273
31 273
39 273
41 273
47 273
49 273
50 273
52 273
59 273
64 273
71 273
81 273
83 273
86 273
93 273
98 273
117 273
120 273
122 273
124 273
129 273
131 273
132 273
136 273
140 273
143 273
156 273
158 273
160 273
167 273
170 273
177 273
179 273
188 273
190 273
194 273
196 273
204 273
207 273
209 273
214 273
219 273
221 273
222 273
226 273
261 273
264 273
267 273
269 273
23 274
45 274
68 274
84 274
99 274
123 274
129 274
131 274
165 274
170 274
171 274
177 274
252 274
25 275
45 275
61 275
68 275
99 275
116 275
121 275
129 275
215 275
2 276
93 276
99 276
238 276
1 277
5 277
13 277
19 277
21 277
22 277
24 277
33 277
59 277
64 277
74 277
84 277
102 277
105 277
109 277
111 277
122 277
124 277
137 277
140 277
142 277
144 277
147 277
154 277
160 277
161 277
169 277
179 277
185 277
186 277
191 277
194 277
204 277
205 277
219 277
232 277
235 277
236 277
248 277
260 277
261 277
271 277
273 277
243 278
1 279
4 279
33 279
77 279
84 279
91 279
116 279
122 279
123 279
131 279
154 279
160 279
194 279
212 279
239 279
257 279
267 279
277 279
2 280
83 280
84 280
86 280
91 280
121 280
144 280
152 280
166 280
210 280
211 280
230 280
234 280
243 280
252 280
265 280
26 281
49 281
50 281
66 281
72 281
75 281
81 281
83 281
107 281
117 281
133 281
137 281
142 281
144 281
169 281
193 281
198 281
30 282
34 282
35 282
43 282
64 282
83 282
86 282
98 282
107 282
120 282
140 282
214 282
219 282
248 282
260 282
266 282
29 283
39 283
91 283
152 283
195 283
226 283
39 284
283 284
3 285
7 285
10 285
19 285
28 285
52 285
62 285
68 285
74 285
115 285
128 285
132 285
137 285
149 285
153 285
157 285
169 285
173 285
178 285
181 285
184 285
233 285
236 285
251 285
270 285
169 286
1 287
3 287
6 287
7 287
8 287
21 287
28 287
30 287
34 287
35 287
37 287
43 287
49 287
50 287
52 287
58 287
64 287
69 287
72 287
77 287
83 287
84 287
86 287
94 287
98 287
100 287
106 287
107 287
110 287
111 287
113 287
114 287
117 287
120 287
132 287
136 287
137 287
140 287
143 287
144 287
150 287
152 287
157 287
158 287
166 287
169 287
173 287
181 287
190 287
193 287
198 287
222 287
225 287
244 287
248 287
249 287
251 287
254 287
260 287
270 287
273 287
282 287
285 287
59 288
198 288
1 289
5 289
10 289
13 289
15 289
24 289
26 289
54 289
55 289
68 289
73 289
88 289
90 289
99 289
105 289
107 289
110 289
111 289
115 289
117 289
123 289
125 289
132 289
139 289
148 289
165 289
174 289
177 289
181 289
185 289
190 289
191 289
207 289
215 289
238 289
242 289
248 289
252 289
256 289
261 289
262 289
277 289
285 289
10 290
23 290
26 290
45 290
60 290
68 290
90 290
99 290
111 290
116 290
125 290
129 290
165 290
169 290
170 290
177 290
207 290
212 290
216 290
252 290
254 290
256 290
272 290
275 290
289 290
1 291
2 291
5 291
6 291
10 291
14 291
23 291
26 291
29 291
36 291
38 291
45 291
47 291
54 291
60 291
64 291
68 291
73 291
82 291
84 291
88 291
90 291
99 291
103 291
105 291
106 291
111 291
112 291
115 291
116 291
117 291
118 291
120 291
123 291
125 291
129 291
131 291
143 291
148 291
160 291
164 291
165 291
170 291
171 291
177 291
190 291
191 291
194 291
196 291
198 291
205 291
207 291
212 291
215 291
219 291
223 291
238 291
242 291
252 291
256 291
261 291
272 291
273 291
274 291
289 291
290 291
12 292
24 292
35 292
43 292
77 292
83 292
84 292
86 292
107 292
110 292
115 292
122 292
133 292
142 292
144 292
147 292
153 292
169 292
179 292
181 292
186 292
218 292
224 292
232 292
235 292
248 292
271 292
277 292
287 292
24 293
31 293
42 293
52 293
59 293
94 293
118 293
159 293
169 293
184 293
198 293
221 293
270 293
289 293
13 294
143 294
153 294
185 294
187 294
202 294
1 295
5 295
12 295
13 295
52 295
58 295
74 295
84 295
102 295
107 295
117 295
125 295
137 295
143 295
144 295
153 295
169 295
181 295
187 295
204 295
209 295
214 295
233 295
248 295
260 295
289 295
292 295
86 296
196 296
209 296
2 297
19 297
20 297
26 297
33 297
46 297
62 297
64 297
68 297
74 297
93 297
110 297
119 297
130 297
137 297
143 297
149 297
152 297
182 297
189 297
194 297
212 297
214 297
215 297
216 297
227 297
231 297
233 297
238 297
252 297
287 297
21 298
24 298
31 298
41 298
42 298
49 298
52 298
64 298
72 298
94 298
109 298
117 298
124 298
137 298
144 298
145 298
172 298
186 298
194 298
214 298
233 298
235 298
259 298
271 298
277 298
281 298
10 299
35 299
64 299
83 299
86 299
120 299
166 299
180 299
280 299
34 300
83 300
86 300
87 300
97 300
120 300
273 300
299 300
16 301
41 301
47 301
59 301
64 301
65 301
71 301
80 301
85 301
100 301
110 301
127 301
136 301
141 301
143 301
150 301
158 301
169 301
179 301
196 301
200 301
214 301
222 301
231 301
232 301
244 301
257 301
273 301
277 301
281 301
12 302
36 302
45 302
57 302
68 302
84 302
93 302
99 302
117 302
134 302
137 302
143 302
144 302
153 302
163 302
171 302
175 302
187 302
201 302
202 302
223 302
229 302
230 302
231 302
237 302
238 302
260 302
291 302
294 302
295 302
13 303
64 303
109 303
147 303
154 303
161 303
170 303
186 303
200 303
231 303
232 303
233 303
277 303
86 304
87 304
107 304
109 304
110 304
125 304
144 304
216 304
235 304
245 304
248 304
260 304
282 304
12 305
13 305
36 305
50 305
117 305
133 305
143 305
153 305
169 305
187 305
202 305
223 305
251 305
294 305
295 305
302 305
20 306
31 306
32 306
41 306
92 306
93 306
101 306
123 306
130 306
132 306
141 306
156 306
165 306
167 306
169 306
188 306
214 306
231 306
238 306
262 306
2 307
26 307
35 307
43 307
54 307
60 307
64 307
84 307
122 307
129 307
131 307
143 307
154 307
160 307
171 307
194 307
195 307
252 307
256 307
273 307
277 307
290 307
291 307
83 308
120 308
13 309
49 309
81 309
83 309
142 309
281 309
5 310
13 310
14 310
23 310
36 310
44 310
50 310
57 310
59 310
83 310
87 310
89 310
93 310
94 310
98 310
118 310
120 310
135 310
143 310
147 310
150 310
156 310
158 310
159 310
163 310
175 310
185 310
187 310
192 310
196 310
198 310
201 310
204 310
206 310
220 310
222 310
223 310
229 310
231 310
237 310
255 310
258 310
293 310
294 310
295 310
302 310
305 310
11 311
13 311
19 311
28 311
42 311
44 311
46 311
62 311
113 311
119 311
126 311
128 311
132 311
133 311
149 311
169 311
188 311
198 311
205 311
211 311
212 311
215 311
233 311
242 311
251 311
253 311
270 311
285 311
11 312
28 312
44 312
62 312
121 312
128 312
149 312
193 312
211 312
214 312
233 312
311 312
2 313
33 313
64 313
68 313
113 313
133 313
144 313
154 313
169 313
174 313
194 313
195 313
212 313
214 313
242 313
263 313
271 313
277 313
279 313
291 313
297 313
301 313
23 314
26 314
29 314
60 314
68 314
88 314
99 314
130 314
165 314
168 314
170 314
177 314
191 314
196 314
207 314
215 314
252 314
254 314
256 314
290 314
291 314
169 315
217 315
240 315
252 315
267 315
26 316
49 316
66 316
81 316
133 316
169 316
198 316
281 316
309 316
14 317
31 317
95 317
206 317
208 317
273 317
12 318
13 318
143 318
153 318
169 318
187 318
202 318
218 318
292 318
294 318
305 318
1 319
5 319
10 319
13 319
26 319
48 319
55 319
61 319
68 319
73 319
88 319
90 319
99 319
105 319
110 319
111 319
116 319
125 319
147 319
148 319
158 319
169 319
198 319
214 319
215 319
216 319
220 319
232 319
247 319
252 319
256 319
261 319
263 319
277 319
289 319
291 319
1 320
14 320
15 320
34 320
39 320
42 320
47 320
48 320
54 320
55 320
59 320
62 320
67 320
68 320
71 320
76 320
85 320
88 320
118 320
120 320
126 320
158 320
159 320
180 320
185 320
188 320
196 320
197 320
198 320
199 320
206 320
209 320
211 320
214 320
215 320
221 320
222 320
226 320
229 320
234 320
236 320
243 320
246 320
247 320
255 320
261 320
264 320
273 320
283 320
293 320
301 320
3 321
8 321
11 321
19 321
28 321
44 321
75 321
106 321
113 321
114 321
128 321
173 321
178 321
181 321
196 321
233 321
270 321
285 321
302 321
311 321
33 322
62 322
152 322
297 322
313 322
12 323
13 323
21 323
24 323
58 323
64 323
86 323
110 323
137 323
142 323
143 323
144 323
153 323
154 323
187 323
202 323
218 323
248 323
251 323
260 323
277 323
281 323
287 323
295 323
302 323
305 323
309 323
310 323
316 323
13 324
21 324
36 324
58 324
143 324
153 324
187 324
204 324
223 324
238 324
260 324
273 324
302 324
310 324
2 325
12 325
13 325
21 325
35 325
43 325
50 325
59 325
60 325
64 325
68 325
69 325
77 325
81 325
82 325
83 325
84 325
86 325
87 325
93 325
97 325
98 325
99 325
103 325
107 325
109 325
110 325
112 325
120 325
122 325
129 325
142 325
144 325
160 325
166 325
167 325
169 325
171 325
191 325
194 325
219 325
228 325
231 325
232 325
235 325
245 325
248 325
252 325
254 325
260 325
262 325
277 325
280 325
282 325
287 325
291 325
292 325
296 325
304 325
307 325
309 325
310 325
316 325
323 325
12 326
13 326
19 326
36 326
41 326
49 326
50 326
52 326
58 326
64 326
100 326
107 326
117 326
120 326
126 326
133 326
137 326
143 326
153 326
154 326
181 326
186 326
187 326
189 326
198 326
201 326
202 326
204 326
218 326
229 326
230 326
233 326
239 326
260 326
271 326
277 326
292 326
294 326
295 326
297 326
302 326
303 326
305 326
318 326
323 326
324 326
47 327
59 327
65 327
71 327
127 327
152 327
180 327
196 327
209 327
211 327
214 327
216 327
226 327
234 327
267 327
273 327
301 327
320 327
10 328
11 328
19 328
28 328
41 328
44 328
56 328
126 328
128 328
149 328
151 328
158 328
169 328
173 328
178 328
188 328
211 328
217 328
239 328
267 328
285 328
311 328
321 328
1 329
5 329
7 329
12 329
13 329
15 329
19 329
36 329
48 329
49 329
50 329
52 329
58 329
64 329
102 329
104 329
105 329
107 329
110 329
111 329
115 329
117 329
137 329
139 329
143 329
144 329
147 329
148 329
149 329
153 329
154 329
157 329
158 329
161 329
163 329
169 329
172 329
179 329
181 329
184 329
186 329
187 329
197 329
198 329
200 329
201 329
202 329
204 329
209 329
214 329
224 329
229 329
236 329
237 329
247 329
248 329
259 329
260 329
261 329
277 329
285 329
295 329
298 329
302 329
303 329
305 329
310 329
311 329
318 329
319 329
323 329
324 329
326 329
86 330
310 331
11 332
23 332
26 332
29 332
34 332
55 332
61 332
68 332
73 332
74 332
83 332
88 332
89 332
90 332
99 332
111 332
115 332
120 332
125 332
144 332
164 332
165 332
183 332
190 332
203 332
205 332
207 332
215 332
222 332
231 332
245 332
252 332
256 332
261 332
262 332
263 332
274 332
280 332
287 332
289 332
291 332
302 332
325 332
1 333
19 333
21 333
28 333
38 333
49 333
58 333
64 333
72 333
75 333
98 333
106 333
113 333
117 333
122 333
124 333
128 333
132 333
136 333
143 333
173 333
181 333
194 333
230 333
233 333
238 333
249 333
260 333
273 333
277 333
285 333
287 333
291 333
302 333
307 333
326 333
11 334
23 334
33 334
40 334
41 334
45 334
57 334
60 334
68 334
72 334
88 334
99 334
116 334
133 334
134 334
164 334
165 334
169 334
170 334
191 334
194 334
207 334
212 334
215 334
242 334
252 334
274 334
283 334
291 334
302 334
325 334
15 335
43 335
47 335
48 335
52 335
59 335
65 335
76 335
85 335
89 335
90 335
127 335
158 335
169 335
185 335
188 335
196 335
197 335
198 335
206 335
209 335
211 335
214 335
236 335
246 335
247 335
277 335
320 335
323 335
327 335
329 335
91 336
122 336
123 336
131 336
143 336
154 336
171 336
194 336
242 336
273 336
279 336
332 336
1 337
10 337
24 337
42 337
61 337
68 337
73 337
74 337
88 337
90 337
99 337
104 337
105 337
110 337
116 337
125 337
144 337
147 337
148 337
159 337
164 337
174 337
185 337
188 337
191 337
198 337
205 337
207 337
211 337
212 337
214 337
215 337
242 337
248 337
256 337
261 337
262 337
263 337
275 337
289 337
291 337
295 337
311 337
319 337
320 337
329 337
2 338
64 338
68 338
69 338
83 338
86 338
87 338
171 338
193 338
252 338
273 338
287 338
299 338
108 339
163 339
229 339
237 339
14 340
31 340
41 340
47 340
59 340
71 340
76 340
95 340
118 340
126 340
133 340
137 340
156 340
176 340
188 340
190 340
194 340
196 340
198 340
211 340
212 340
214 340
217 340
221 340
226 340
228 340
238 340
239 340
264 340
267 340
273 340
279 340
320 340
327 340
328 340
43 341
133 341
235 341
248 341
325 341
329 341
2 342
14 342
21 342
26 342
32 342
49 342
64 342
78 342
79 342
86 342
122 342
123 342
171 342
182 342
194 342
195 342
205 342
231 342
252 342
273 342
277 342
301 342
306 342
307 342
6 343
24 343
31 343
42 343
49 343
52 343
53 343
59 343
68 343
71 343
94 343
109 343
110 343
139 343
141 343
158 343
172 343
184 343
191 343
193 343
196 343
198 343
221 343
224 343
234 343
244 343
255 343
277 343
287 343
317 343
320 343
6 344
12 344
13 344
28 344
34 344
47 344
57 344
68 344
83 344
84 344
94 344
97 344
112 344
120 344
126 344
129 344
134 344
143 344
147 344
153 344
156 344
163 344
175 344
187 344
193 344
198 344
201 344
202 344
204 344
211 344
229 344
237 344
238 344
254 344
267 344
288 344
291 344
295 344
302 344
305 344
310 344
323 344
338 344
21 345
64 345
98 345
100 345
117 345
122 345
134 345
136 345
143 345
160 345
162 345
189 345
204 345
230 345
231 345
260 345
273 345
287 345
301 345
322 345
325 345
326 345
333 345
36 346
57 346
60 346
68 346
99 346
131 346
134 346
143 346
183 346
187 346
195 346
223 346
291 346
302 346
344 346
345 346
35 347
134 347
216 347
252 347
302 347
307 347
346 347
32 348
64 348
93 348
99 348
137 348
156 348
238 348
249 348
256 348
273 348
287 348
306 348
45 349
64 349
68 349
143 349
174 349
187 349
193 349
222 349
225 349
239 349
260 349
287 349
345 349
15 350
42 350
46 350
48 350
59 350
76 350
85 350
126 350
127 350
158 350
169 350
185 350
188 350
197 350
198 350
209 350
211 350
246 350
247 350
264 350
311 350
320 350
335 350
337 350
2 351
5 351
6 351
13 351
21 351
35 351
43 351
49 351
52 351
58 351
64 351
66 351
72 351
77 351
81 351
84 351
86 351
98 351
103 351
104 351
107 351
110 351
117 351
142 351
143 351
144 351
148 351
169 351
173 351
181 351
185 351
194 351
198 351
202 351
204 351
214 351
228 351
230 351
235 351
248 351
249 351
251 351
260 351
273 351
281 351
282 351
287 351
292 351
298 351
316 351
325 351
326 351
329 351
332 351
333 351
23 352
64 352
68 352
90 352
99 352
100 352
105 352
122 352
125 352
147 352
174 352
188 352
191 352
194 352
198 352
205 352
211 352
212 352
214 352
215 352
239 352
241 352
242 352
244 352
252 352
261 352
289 352
291 352
311 352
319 352
334 352
349 352
1 353
5 353
10 353
14 353
23 353
26 353
29 353
45 353
55 353
60 353
61 353
67 353
68 353
72 353
73 353
78 353
84 353
86 353
88 353
90 353
99 353
105 353
111 353
116 353
121 353
123 353
125 353
129 353
148 353
164 353
165 353
174 353
190 353
191 353
194 353
205 353
212 353
215 353
216 353
217 353
229 353
242 353
252 353
254 353
256 353
261 353
262 353
272 353
275 353
289 353
290 353
291 353
299 353
310 353
313 353
319 353
325 353
328 353
332 353
334 353
337 353
352 353
2 354
33 354
64 354
68 354
133 354
144 354
154 354
169 354
174 354
194 354
212 354
214 354
215 354
263 354
277 354
291 354
297 354
301 354
313 354
322 354
336 354
353 354
69 355
71 355
83 355
84 355
86 355
107 355
120 355
172 355
188 355
216 355
252 355
256 355
282 355
287 355
288 355
292 355
308 355
310 355
325 355
343 355
344 355
351 355
10 356
11 356
19 356
28 356
34 356
43 356
62 356
67 356
74 356
83 356
97 356
106 356
108 356
120 356
128 356
163 356
175 356
211 356
229 356
237 356
238 356
252 356
280 356
282 356
287 356
297 356
299 356
306 356
321 356
328 356
339 356
351 356
353 356
355 356
2 357
23 357
33 357
45 357
60 357
64 357
68 357
84 357
88 357
99 357
129 357
165 357
170 357
171 357
177 357
195 357
196 357
207 357
212 357
241 357
252 357
256 357
274 357
290 357
291 357
325 357
334 357
344 357
352 357
353 357
13 358
86 358
102 358
277 358
303 358
13 359
15 359
48 359
149 359
169 359
186 359
197 359
200 359
214 359
232 359
233 359
247 359
277 359
301 359
329 359
358 359
1 360
5 360
6 360
7 360
15 360
24 360
31 360
38 360
41 360
42 360
48 360
49 360
52 360
53 360
59 360
63 360
71 360
76 360
94 360
100 360
102 360
104 360
109 360
110 360
118 360
125 360
132 360
139 360
141 360
145 360
149 360
150 360
158 360
159 360
165 360
167 360
172 360
184 360
185 360
192 360
193 360
196 360
198 360
200 360
201 360
214 360
221 360
224 360
236 360
247 360
255 360
259 360
277 360
289 360
293 360
298 360
319 360
320 360
329 360
335 360
337 360
343 360
350 360
359 360
12 361
13 361
57 361
58 361
68 361
117 361
122 361
134 361
143 361
153 361
163 361
169 361
173 361
187 361
201 361
202 361
204 361
214 361
216 361
218 361
223 361
229 361
230 361
237 361
238 361
252 361
260 361
295 361
302 361
305 361
310 361
315 361
323 361
324 361
326 361
329 361
334 361
344 361
345 361
346 361
349 361
356 361
32 362
52 362
137 362
233 362
260 362
287 362
326 362
23 363
29 363
45 363
54 363
68 363
90 363
99 363
105 363
111 363
113 363
116 363
125 363
129 363
154 363
170 363
174 363
191 363
205 363
207 363
212 363
215 363
231 363
232 363
241 363
242 363
252 363
256 363
260 363
263 363
272 363
275 363
277 363
291 363
297 363
302 363
313 363
322 363
353 363
354 363
71 364
273 364
283 364
13 365
21 365
49 365
58 365
64 365
72 365
117 365
134 365
143 365
144 365
169 365
187 365
252 365
260 365
287 365
302 365
326 365
329 365
334 365
345 365
351 365
11 366
21 366
31 366
40 366
60 366
64 366
68 366
71 366
84 366
86 366
106 366
129 366
133 366
134 366
143 366
161 366
167 366
171 366
187 366
194 366
204 366
214 366
222 366
249 366
273 366
291 366
299 366
344 366
346 366
361 366
365 366
1 367
68 367
90 367
99 367
107 367
115 367
125 367
154 367
161 367
224 367
233 367
248 367
277 367
289 367
5 368
55 368
68 368
73 368
88 368
90 368
99 368
111 368
116 368
148 368
190 368
250 368
252 368
332 368
1 369
46 369
59 369
60 369
71 369
110 369
137 369
145 369
147 369
154 369
158 369
169 369
179 369
186 369
200 369
205 369
214 369
232 369
233 369
235 369
248 369
271 369
277 369
292 369
295 369
296 369
297 369
301 369
359 369
52 370
58 370
64 370
74 370
107 370
110 370
111 370
130 370
137 370
158 370
161 370
213 370
220 370
238 370
268 370
329 370
351 370
1 371
5 371
10 371
12 371
13 371
23 371
24 371
43 371
58 371
59 371
64 371
68 371
73 371
81 371
83 371
84 371
90 371
99 371
104 371
105 371
107 371
109 371
111 371
115 371
116 371
117 371
125 371
142 371
143 371
144 371
145 371
147 371
148 371
153 371
154 371
161 371
179 371
181 371
183 371
185 371
186 371
191 371
198 371
200 371
202 371
204 371
212 371
215 371
232 371
233 371
235 371
242 371
245 371
248 371
252 371
261 371
262 371
271 371
274 371
277 371
279 371
289 371
290 371
291 371
292 371
295 371
297 371
298 371
303 371
319 371
322 371
323 371
325 371
326 371
329 371
332 371
333 371
337 371
351 371
352 371
353 371
367 371
369 371
6 372
8 372
13 372
21 372
32 372
49 372
50 372
58 372
64 372
72 372
86 372
94 372
117 372
127 372
136 372
137 372
143 372
187 372
201 372
202 372
204 372
230 372
231 372
238 372
249 372
256 372
260 372
287 372
295 372
297 372
302 372
318 372
326 372
329 372
333 372
345 372
348 372
351 372
362 372
365 372
1 373
5 373
10 373
26 373
29 373
47 373
55 373
61 373
65 373
68 373
73 373
88 373
90 373
99 373
105 373
110 373
111 373
116 373
125 373
135 373
139 373
141 373
148 373
158 373
159 373
165 373
174 373
185 373
191 373
198 373
207 373
212 373
214 373
215 373
216 373
252 373
256 373
261 373
262 373
289 373
290 373
291 373
319 373
332 373
337 373
343 373
353 373
360 373
368 373
371 373
1 374
2 374
30 374
34 374
35 374
43 374
49 374
52 374
64 374
69 374
71 374
83 374
84 374
86 374
87 374
97 374
98 374
103 374
105 374
107 374
109 374
110 374
111 374
117 374
120 374
125 374
137 374
144 374
145 374
147 374
163 374
169 374
186 374
219 374
220 374
228 374
232 374
235 374
236 374
245 374
247 374
248 374
251 374
254 374
259 374
260 374
261 374
281 374
282 374
287 374
292 374
295 374
297 374
298 374
304 374
319 374
325 374
329 374
338 374
343 374
351 374
355 374
360 374
371 374
42 375
64 375
77 375
86 375
103 375
133 375
186 375
188 375
211 375
212 375
215 375
228 375
231 375
235 375
245 375
254 375
260 375
282 375
311 375
313 375
325 375
352 375
354 375
374 375
1 376
5 376
7 376
12 376
13 376
14 376
19 376
30 376
36 376
50 376
51 376
55 376
58 376
61 376
68 376
73 376
74 376
90 376
97 376
99 376
100 376
110 376
111 376
117 376
125 376
139 376
143 376
147 376
148 376
153 376
169 376
181 376
185 376
198 376
202 376
204 376
214 376
215 376
223 376
233 376
251 376
252 376
256 376
259 376
261 376
270 376
285 376
288 376
289 376
291 376
293 376
294 376
295 376
298 376
302 376
305 376
310 376
318 376
319 376
323 376
326 376
329 376
337 376
344 376
361 376
373 376
47 377
59 377
88 377
174 377
188 377
192 377
207 377
222 377
252 377
256 377
301 377
327 377
328 377
340 377
5 378
51 378
54 378
74 378
111 378
130 378
147 378
152 378
213 378
220 378
238 378
277 378
289 378
329 378
360 378
370 378
1 379
13 379
24 379
49 379
64 379
86 379
107 379
117 379
133 379
142 379
143 379
144 379
145 379
147 379
153 379
154 379
186 379
187 379
194 379
198 379
202 379
209 379
232 379
236 379
248 379
260 379
271 379
273 379
277 379
281 379
292 379
294 379
295 379
303 379
305 379
326 379
329 379
345 379
371 379
374 379
376 379
116 380
123 380
342 380
21 381
68 381
241 381
262 381
280 381
291 381
299 381
323 381
11 382
29 382
39 382
47 382
49 382
59 382
62 382
65 382
68 382
72 382
85 382
91 382
97 382
101 382
113 382
118 382
122 382
126 382
132 382
133 382
163 382
176 382
191 382
194 382
195 382
196 382
199 382
206 382
211 382
214 382
215 382
216 382
217 382
226 382
228 382
230 382
234 382
240 382
243 382
246 382
257 382
280 382
315 382
327 382
340 382
342 382
344 382
361 382
15 383
24 383
31 383
41 383
42 383
48 383
49 383
53 383
59 383
61 383
63 383
94 383
100 383
109 383
110 383
132 383
141 383
145 383
150 383
158 383
159 383
167 383
169 383
172 383
188 383
191 383
193 383
197 383
198 383
205 383
211 383
212 383
214 383
215 383
259 383
293 383
310 383
311 383
320 383
325 383
329 383
335 383
337 383
343 383
350 383
351 383
352 383
360 383
373 383
16 384
30 384
64 384
86 384
98 384
103 384
107 384
144 384
166 384
214 384
231 384
254 384
260 384
282 384
287 384
292 384
325 384
374 384
1 385
5 385
10 385
23 385
26 385
30 385
42 385
52 385
54 385
55 385
58 385
60 385
68 385
73 385
74 385
88 385
90 385
94 385
99 385
105 385
110 385
111 385
116 385
118 385
125 385
139 385
148 385
158 385
164 385
165 385
169 385
172 385
174 385
185 385
188 385
190 385
191 385
198 385
202 385
207 385
213 385
215 385
216 385
222 385
252 385
256 385
261 385
262 385
289 385
291 385
293 385
316 385
319 385
320 385
332 385
337 385
343 385
351 385
353 385
360 385
373 385
376 385
379 385
383 385
10 386
26 386
29 386
55 386
61 386
68 386
72 386
73 386
88 386
90 386
99 386
111 386
116 386
120 386
148 386
164 386
207 386
215 386
216 386
252 386
256 386
262 386
263 386
289 386
291 386
299 386
302 386
319 386
334 386
337 386
353 386
356 386
373 386
376 386
381 386
385 386
6 387
24 387
31 387
38 387
41 387
49 387
52 387
53 387
63 387
94 387
141 387
184 387
193 387
198 387
205 387
221 387
244 387
301 387
352 387
360 387
7 388
8 388
10 388
11 388
19 388
28 388
38 388
44 388
46 388
49 388
56 388
58 388
62 388
67 388
68 388
72 388
75 388
86 388
101 388
106 388
113 388
114 388
120 388
121 388
126 388
128 388
132 388
149 388
157 388
164 388
173 388
181 388
193 388
198 388
211 388
233 388
238 388
240 388
249 388
251 388
253 388
255 388
270 388
285 388
287 388
297 388
309 388
311 388
312 388
313 388
315 388
321 388
322 388
327 388
328 388
333 388
351 388
356 388
387 388
1 389
13 389
19 389
23 389
24 389
33 389
52 389
68 389
73 389
90 389
100 389
105 389
107 389
109 389
110 389
111 389
115 389
125 389
133 389
144 389
147 389
154 389
158 389
179 389
186 389
191 389
194 389
198 389
205 389
207 389
209 389
215 389
220 389
232 389
233 389
236 389
239 389
242 389
244 389
248 389
271 389
277 389
289 389
291 389
292 389
297 389
319 389
322 389
329 389
337 389
352 389
363 389
367 389
369 389
371 389
373 389
379 389
385 389
33 390
186 390
232 390
32 391
93 391
231 391
238 391
306 391
348 391
122 392
14 393
101 393
120 393
122 393
123 393
252 393
344 393
64 394
69 394
83 394
86 394
99 394
120 394
254 394
287 394
325 394
338 394
344 394
355 394
374 394
384 394
1 395
5 395
10 395
13 395
14 395
24 395
26 395
29 395
55 395
61 395
68 395
73 395
74 395
88 395
90 395
97 395
99 395
107 395
110 395
111 395
125 395
139 395
148 395
173 395
186 395
190 395
198 395
200 395
202 395
207 395
209 395
215 395
224 395
236 395
238 395
248 395
252 395
256 395
261 395
262 395
270 395
285 395
289 395
291 395
305 395
319 395
329 395
332 395
337 395
351 395
353 395
361 395
370 395
371 395
373 395
376 395
385 395
386 395
2 396
8 396
13 396
58 396
68 396
74 396
100 396
112 396
131 396
134 396
143 396
167 396
187 396
189 396
191 396
194 396
211 396
238 396
260 396
295 396
297 396
302 396
305 396
323 396
326 396
329 396
344 396
345 396
346 396
347 396
361 396
365 396
366 396
372 396
376 396
382 396
12 397
13 397
15 397
22 397
36 397
48 397
50 397
53 397
59 397
61 397
64 397
65 397
85 397
86 397
89 397
94 397
98 397
108 397
117 397
132 397
134 397
143 397
150 397
153 397
158 397
159 397
162 397
163 397
169 397
175 397
185 397
187 397
189 397
193 397
197 397
201 397
204 397
205 397
211 397
218 397
219 397
222 397
225 397
229 397
230 397
237 397
260 397
273 397
287 397
294 397
295 397
302 397
305 397
306 397
310 397
323 397
324 397
326 397
329 397
333 397
335 397
339 397
344 397
345 397
361 397
365 397
372 397
376 397
379 397
396 397
13 398
15 398
47 398
48 398
59 398
61 398
71 398
76 398
88 398
89 398
113 398
136 398
158 398
180 398
185 398
188 398
196 398
209 398
214 398
222 398
226 398
236 398
247 398
255 398
261 398
264 398
273 398
277 398
296 398
301 398
320 398
325 398
327 398
335 398
340 398
350 398
369 398
377 398
382 398
6 399
14 399
20 399
24 399
31 399
41 399
49 399
53 399
54 399
59 399
63 399
68 399
89 399
91 399
94 399
97 399
99 399
118 399
120 399
130 399
132 399
133 399
135 399
150 399
152 399
193 399
196 399
198 399
214 399
216 399
221 399
231 399
234 399
238 399
239 399
252 399
255 399
256 399
277 399
280 399
289 399
291 399
295 399
306 399
320 399
333 399
343 399
344 399
360 399
376 399
381 399
382 399
385 399
395 399
33 400
122 400
133 400
152 400
194 400
195 400
240 400
273 400
277 400
307 400
340 400
2 401
35 401
38 401
43 401
64 401
77 401
83 401
84 401
86 401
87 401
98 401
100 401
103 401
107 401
120 401
122 401
141 401
142 401
144 401
193 401
219 401
228 401
231 401
242 401
244 401
245 401
248 401
254 401
260 401
280 401
282 401
283 401
287 401
292 401
301 401
306 401
325 401
338 401
342 401
351 401
352 401
358 401
363 401
374 401
375 401
384 401
387 401
389 401
394 401
1 402
3 402
19 402
42 402
46 402
64 402
105 402
107 402
109 402
137 402
147 402
149 402
158 402
181 402
186 402
232 402
233 402
236 402
270 402
271 402
277 402
285 402
297 402
303 402
322 402
333 402
359 402
369 402
371 402
379 402
388 402
389 402
21 403
49 403
72 403
77 403
137 403
142 403
143 403
179 403
186 403
194 403
214 403
228 403
231 403
232 403
257 403
301 403
365 403
369 403
371 403
2 404
14 404
29 404
33 404
39 404
64 404
84 404
124 404
171 404
194 404
195 404
212 404
226 404
240 404
273 404
279 404
283 404
284 404
291 404
292 404
307 404
313 404
332 404
342 404
354 404
357 404
400 404
24 405
31 405
41 405
49 405
52 405
60 405
64 405
71 405
78 405
84 405
94 405
102 405
131 405
132 405
139 405
141 405
143 405
145 405
154 405
167 405
169 405
171 405
186 405
189 405
192 405
193 405
198 405
210 405
212 405
228 405
244 405
252 405
255 405
259 405
273 405
277 405
283 405
291 405
301 405
306 405
314 405
326 405
334 405
342 405
346 405
360 405
363 405
366 405
369 405
379 405
383 405
389 405
401 405
403 405
10 406
20 406
26 406
54 406
55 406
68 406
88 406
93 406
99 406
106 406
127 406
130 406
132 406
148 406
152 406
190 406
207 406
213 406
215 406
216 406
227 406
231 406
238 406
252 406
289 406
297 406
307 406
319 406
337 406
353 406
373 406
377 406
385 406
386 406
399 406
24 407
31 407
38 407
41 407
42 407
49 407
53 407
59 407
63 407
71 407
84 407
94 407
100 407
109 407
118 407
132 407
141 407
150 407
167 407
177 407
184 407
192 407
193 407
194 407
196 407
198 407
212 407
214 407
221 407
224 407
244 407
252 407
255 407
279 407
291 407
298 407
306 407
321 407
340 407
343 407
360 407
376 407
382 407
383 407
387 407
399 407
405 407
5 408
24 408
31 408
41 408
42 408
47 408
53 408
94 408
110 408
118 408
135 408
139 408
141 408
150 408
158 408
159 408
167 408
184 408
192 408
193 408
198 408
221 408
224 408
234 408
255 408
259 408
319 408
323 408
335 408
343 408
360 408
373 408
377 408
383 408
385 408
399 408
407 408
8 409
26 409
45 409
68 409
74 409
90 409
93 409
99 409
152 409
238 409
252 409
256 409
262 409
268 409
289 409
291 409
332 409
371 409
376 409
386 409
406 409
14 410
19 410
32 410
67 410
97 410
108 410
143 410
163 410
175 410
229 410
237 410
302 410
310 410
339 410
344 410
356 410
361 410
397 410
334 411
1 412
5 412
7 412
12 412
13 412
19 412
24 412
36 412
48 412
50 412
52 412
57 412
58 412
64 412
74 412
86 412
99 412
102 412
104 412
105 412
107 412
110 412
111 412
115 412
117 412
137 412
139 412
142 412
143 412
147 412
149 412
153 412
154 412
157 412
161 412
162 412
169 412
179 412
181 412
184 412
186 412
187 412
198 412
200 412
201 412
202 412
204 412
209 412
215 412
218 412
220 412
222 412
223 412
224 412
229 412
235 412
236 412
248 412
260 412
271 412
277 412
285 412
289 412
292 412
294 412
295 412
298 412
302 412
305 412
310 412
311 412
318 412
319 412
323 412
324 412
326 412
329 412
335 412
337 412
341 412
351 412
358 412
359 412
360 412
361 412
362 412
365 412
367 412
370 412
371 412
372 412
376 412
379 412
395 412
396 412
397 412
402 412
2 413
8 413
12 413
13 413
21 413
32 413
33 413
37 413
49 413
58 413
64 413
68 413
74 413
86 413
112 413
129 413
130 413
131 413
134 413
143 413
153 413
156 413
169 413
171 413
182 413
187 413
198 413
202 413
213 413
238 413
249 413
260 413
297 413
302 413
306 413
325 413
326 413
344 413
345 413
346 413
348 413
366 413
370 413
388 413
391 413
396 413
397 413
406 413
412 413
1 414
19 414
20 414
45 414
68 414
90 414
99 414
116 414
121 414
130 414
174 414
190 414
207 414
215 414
252 414
256 414
265 414
388 414
406 414
2 416
11 416
17 416
19 416
28 416
44 416
46 416
62 416
72 416
106 416
113 416
126 416
128 416
149 416
152 416
169 416
173 416
191 416
194 416
198 416
199 416
211 416
228 416
233 416
240 416
253 416
285 416
297 416
311 416
315 416
321 416
356 416
382 416
388 416
402 416
405 416
2 417
15 417
19 417
20 417
21 417
39 417
41 417
43 417
47 417
50 417
59 417
60 417
64 417
68 417
69 417
71 417
83 417
84 417
100 417
124 417
130 417
136 417
158 417
167 417
169 417
185 417
194 417
196 417
209 417
214 417
222 417
226 417
238 417
254 417
256 417
257 417
260 417
264 417
267 417
273 417
287 417
301 417
304 417
306 417
307 417
325 417
333 417
335 417
338 417
340 417
351 417
353 417
355 417
356 417
366 417
394 417
396 417
398 417
403 417
24 418
31 418
38 418
41 418
42 418
53 418
59 418
63 418
71 418
94 418
100 418
109 418
118 418
135 418
141 418
150 418
167 418
172 418
192 418
193 418
198 418
221 418
224 418
244 418
255 418
279 418
315 418
340 418
360 418
383 418
387 418
399 418
405 418
407 418
408 418
19 419
21 419
28 419
44 419
52 419
62 419
74 419
106 419
113 419
114 419
128 419
132 419
137 419
149 419
169 419
173 419
181 419
233 419
249 419
251 419
297 419
372 419
388 419
416 419
5 420
107 420
109 420
111 420
130 420
147 420
152 420
154 420
161 420
204 420
212 420
231 420
233 420
238 420
245 420
297 420
298 420
303 420
329 420
378 420
412 420
413 420
5 421
12 421
13 421
24 421
50 421
58 421
74 421
105 421
108 421
109 421
110 421
117 421
139 421
143 421
144 421
153 421
187 421
198 421
201 421
202 421
204 421
213 421
229 421
237 421
260 421
261 421
270 421
287 421
289 421
294 421
295 421
298 421
302 421
305 421
310 421
318 421
323 421
326 421
329 421
344 421
360 421
361 421
374 421
376 421
379 421
389 421
395 421
396 421
397 421
410 421
412 421
14 422
41 422
47 422
130 422
267 422
273 422
327 422
328 422
340 422
377 422
43 423
248 423
325 423
329 423
412 423
22 424
64 424
140 424
260 424
269 424
24 425
31 425
38 425
41 425
49 425
53 425
63 425
94 425
118 425
122 425
133 425
135 425
141 425
159 425
191 425
192 425
193 425
198 425
206 425
214 425
216 425
221 425
244 425
255 425
293 425
310 425
317 425
320 425
360 425
382 425
383 425
385 425
399 425
405 425
407 425
408 425
418 425
3 426
6 426
30 426
38 426
45 426
47 426
64 426
68 426
69 426
77 426
83 426
84 426
86 426
98 426
110 426
127 426
137 426
143 426
144 426
148 426
190 426
193 426
198 426
222 426
225 426
235 426
239 426
245 426
248 426
249 426
254 426
260 426
282 426
287 426
292 426
323 426
325 426
333 426
344 426
349 426
352 426
355 426
356 426
374 426
375 426
394 426
397 426
401 426
413 426
417 426
421 426
4 427
11 427
16 427
26 427
33 427
45 427
47 427
59 427
68 427
76 427
124 427
126 427
154 427
160 427
162 427
185 427
190 427
193 427
194 427
195 427
196 427
214 427
216 427
217 427
228 427
230 427
231 427
239 427
240 427
252 427
257 427
264 427
267 427
269 427
273 427
279 427
290 427
301 427
307 427
315 427
320 427
327 427
334 427
340 427
364 427
382 427
403 427
404 427
407 427
414 427
418 427
17 428
19 428
44 428
46 428
62 428
97 428
101 428
113 428
126 428
133 428
152 428
169 428
176 428
199 428
211 428
217 428
226 428
240 428
253 428
311 428
321 428
328 428
344 428
356 428
388 428
416 428
14 429
15 429
47 429
48 429
59 429
65 429
71 429
76 429
127 429
158 429
180 429
185 429
196 429
209 429
214 429
216 429
226 429
234 429
247 429
264 429
273 429
301 429
310 429
320 429
327 429
335 429
340 429
350 429
382 429
398 429
427 429
39 430
64 430
86 430
106 430
136 430
161 430
168 430
169 430
171 430
214 430
222 430
230 430
240 430
249 430
252 430
254 430
273 430
277 430
290 430
314 430
315 430
325 430
366 430
405 430
413 430
417 430
2 431
19 431
22 431
26 431
35 431
36 431
68 431
69 431
72 431
84 431
86 431
98 431
131 431
167 431
169 431
188 431
216 431
239 431
287 431
332 431
338 431
344 431
351 431
366 431
374 431
376 431
382 431
417 431
426 431
19 432
20 432
33 432
62 432
74 432
92 432
93 432
130 432
133 432
152 432
154 432
182 432
194 432
231 432
238 432
297 432
313 432
322 432
326 432
354 432
363 432
366 432
402 432
406 432
413 432
416 432
418 432
420 432
12 433
13 433
21 433
36 433
50 433
58 433
64 433
81 433
84 433
107 433
117 433
134 433
137 433
142 433
143 433
153 433
154 433
161 433
187 433
201 433
202 433
204 433
218 433
223 433
248 433
260 433
281 433
292 433
294 433
295 433
302 433
305 433
309 433
310 433
318 433
323 433
324 433
325 433
326 433
329 433
351 433
361 433
371 433
372 433
376 433
379 433
395 433
396 433
397 433
412 433
413 433
421 433
77 434
86 434
127 434
194 434
214 434
228 434
257 434
375 434
401 434
403 434
426 434
427 434
13 435
28 435
29 435
50 435
58 435
60 435
72 435
82 435
116 435
117 435
122 435
124 435
131 435
134 435
143 435
152 435
160 435
162 435
187 435
191 435
194 435
195 435
202 435
204 435
205 435
211 435
212 435
215 435
248 435
252 435
254 435
280 435
287 435
291 435
295 435
326 435
329 435
332 435
342 435
344 435
346 435
356 435
366 435
375 435
379 435
380 435
396 435
397 435
399 435
404 435
412 435
413 435
416 435
433 435
25 436
61 436
68 436
116 436
121 436
133 436
215 436
234 436
265 436
353 436
385 436
386 436
12 437
13 437
21 437
30 437
34 437
35 437
43 437
50 437
64 437
77 437
83 437
84 437
86 437
87 437
94 437
98 437
102 437
103 437
107 437
120 437
125 437
142 437
144 437
145 437
147 437
154 437
160 437
161 437
179 437
186 437
194 437
204 437
214 437
218 437
219 437
228 437
233 437
235 437
245 437
248 437
254 437
259 437
260 437
271 437
273 437
276 437
277 437
290 437
292 437
303 437
304 437
323 437
325 437
326 437
329 437
351 437
358 437
359 437
361 437
367 437
369 437
371 437
374 437
375 437
378 437
384 437
401 437
405 437
412 437
420 437
433 437
5 438
10 438
26 438
45 438
59 438
61 438
68 438
73 438
88 438
90 438
99 438
111 438
116 438
121 438
125 438
129 438
164 438
177 438
190 438
196 438
198 438
212 438
215 438
241 438
252 438
256 438
261 438
265 438
273 438
274 438
289 438
290 438
291 438
310 438
314 438
319 438
334 438
337 438
352 438
353 438
368 438
371 438
373 438
377 438
385 438
386 438
398 438
406 438
84 439
87 439
120 439
308 439
355 439
14 440
194 440
283 440
310 440
364 440
404 440
6 441
13 441
14 441
24 441
31 441
41 441
49 441
52 441
53 441
59 441
63 441
64 441
94 441
100 441
110 441
118 441
132 441
141 441
143 441
150 441
158 441
159 441
167 441
184 441
192 441
193 441
198 441
221 441
244 441
252 441
255 441
259 441
261 441
287 441
289 441
293 441
327 441
343 441
360 441
376 441
383 441
387 441
395 441
397 441
399 441
402 441
405 441
407 441
408 441
418 441
425 441
5 442
7 442
24 442
31 442
42 442
49 442
51 442
68 442
73 442
74 442
90 442
94 442
110 442
111 442
139 442
141 442
143 442
145 442
148 442
150 442
158 442
191 442
198 442
200 442
202 442
204 442
213 442
233 442
234 442
259 442
261 442
270 442
287 442
289 442
298 442
319 442
337 442
342 442
351 442
360 442
371 442
373 442
376 442
383 442
385 442
408 442
412 442
421 442
437 442
68 443
93 443
238 443
276 443
306 443
348 443
405 443
417 443
437 443
1 444
5 444
13 444
14 444
31 444
41 444
42 444
52 444
53 444
59 444
68 444
73 444
87 444
94 444
97 444
100 444
102 444
109 444
110 444
117 444
118 444
139 444
141 444
145 444
150 444
152 444
158 444
167 444
169 444
172 444
184 444
193 444
198 444
221 444
224 444
234 444
236 444
237 444
255 444
259 444
261 444
289 444
298 444
325 444
329 444
360 444
376 444
383 444
387 444
395 444
408 444
412 444
421 444
441 444
442 444
20 445
67 445
93 445
130 445
152 445
169 445
227 445
238 445
356 445
344 446
4 447
10 447
29 447
45 447
60 447
68 447
73 447
86 447
90 447
99 447
116 447
174 447
191 447
211 447
212 447
215 447
242 447
262 447
272 447
275 447
291 447
334 447
337 447
353 447
363 447
371 447
386 447
435 447
39 448
47 448
59 448
127 448
158 448
180 448
196 448
206 448
211 448
226 448
234 448
243 448
246 448
264 448
283 448
320 448
382 448
397 448
398 448
429 448
2 449
22 449
64 449
78 449
84 449
122 449
124 449
131 449
140 449
194 449
260 449
269 449
273 449
277 449
307 449
333 449
336 449
342 449
400 449
45 450
55 450
61 450
99 450
116 450
120 450
121 450
174 450
212 450
215 450
265 450
363 450
406 450
414 450
447 450
19 451
20 451
67 451
68 451
74 451
92 451
130 451
152 451
182 451
216 451
231 451
234 451
238 451
252 451
256 451
287 451
297 451
306 451
313 451
322 451
354 451
399 451
400 451
406 451
420 451
429 451
432 451
13 452
21 452
122 452
153 452
191 452
206 452
302 452
310 452
323 452
325 452
361 452
412 452
435 452
1 453
11 453
19 453
28 453
34 453
44 453
46 453
52 453
54 453
58 453
62 453
67 453
76 453
86 453
97 453
107 453
110 453
113 453
117 453
119 453
126 453
128 453
129 453
132 453
137 453
149 453
157 453
169 453
173 453
181 453
184 453
211 453
214 453
233 453
236 453
251 453
253 453
264 453
270 453
285 453
297 453
298 453
305 453
311 453
312 453
319 453
321 453
322 453
328 453
329 453
335 453
343 453
344 453
351 453
376 453
383 453
388 453
389 453
402 453
410 453
412 453
416 453
419 453
423 453
428 453
437 453
444 453
12 454
13 454
21 454
26 454
36 454
50 454
58 454
108 454
117 454
122 454
129 454
134 454
143 454
153 454
163 454
175 454
187 454
189 454
195 454
201 454
202 454
204 454
211 454
212 454
215 454
217 454
218 454
223 454
225 454
229 454
230 454
237 454
238 454
273 454
295 454
297 454
302 454
305 454
310 454
323 454
324 454
325 454
326 454
329 454
339 454
340 454
344 454
345 454
346 454
348 454
349 454
356 454
361 454
365 454
366 454
371 454
372 454
374 454
376 454
377 454
379 454
380 454
396 454
397 454
407 454
410 454
412 454
413 454
416 454
421 454
433 454
435 454
452 454
10 455
14 455
15 455
39 455
47 455
48 455
59 455
62 455
65 455
67 455
68 455
76 455
85 455
118 455
120 455
127 455
135 455
158 455
169 455
180 455
185 455
188 455
196 455
197 455
198 455
206 455
209 455
211 455
214 455
215 455
216 455
221 455
226 455
234 455
236 455
237 455
243 455
246 455
255 455
262 455
264 455
289 455
319 455
320 455
327 455
335 455
340 455
350 455
360 455
382 455
398 455
425 455
427 455
429 455
448 455
1 456
5 456
7 456
15 456
42 456
47 456
48 456
54 456
59 456
71 456
73 456
74 456
76 456
89 456
109 456
110 456
111 456
118 456
127 456
130 456
139 456
148 456
149 456
154 456
158 456
165 456
169 456
172 456
181 456
184 456
185 456
186 456
196 456
197 456
198 456
200 456
206 456
209 456
214 456
221 456
232 456
236 456
247 456
261 456
270 456
271 456
277 456
281 456
285 456
288 456
289 456
293 456
319 456
320 456
327 456
329 456
335 456
337 456
343 456
350 456
355 456
359 456
360 456
373 456
374 456
376 456
378 456
383 456
385 456
389 456
395 456
398 456
399 456
403 456
408 456
412 456
414 456
417 456
421 456
429 456
431 456
441 456
442 456
444 456
455 456
34 457
35 457
86 457
87 457
98 457
120 457
212 457
254 457
282 457
308 457
343 457
344 457
356 457
384 457
431 457
435 457
439 457
10 458
19 458
28 458
44 458
62 458
106 458
113 458
128 458
132 458
152 458
211 458
262 458
299 458
302 458
321 458
353 458
356 458
386 458
388 458
419 458
428 458
445 458
453 458
2 459
23 459
64 459
68 459
84 459
122 459
143 459
160 459
189 459
191 459
194 459
195 459
204 459
230 459
242 459
260 459
273 459
277 459
291 459
301 459
307 459
313 459
325 459
326 459
354 459
397 459
401 459
403 459
405 459
452 459
257 460
5 461
47 461
102 461
111 461
130 461
147 461
152 461
154 461
161 461
177 461
204 461
212 461
231 461
233 461
238 461
245 461
273 461
297 461
298 461
303 461
329 461
360 461
378 461
412 461
413 461
420 461
432 461
437 461
21 462
58 462
64 462
117 462
133 462
143 462
153 462
169 462
187 462
222 462
225 462
254 462
260 462
287 462
295 462
302 462
329 462
345 462
349 462
396 462
412 462
417 462
421 462
426 462
7 463
11 463
19 463
28 463
44 463
46 463
62 463
106 463
113 463
114 463
128 463
132 463
149 463
157 463
169 463
172 463
173 463
178 463
181 463
209 463
233 463
249 463
251 463
270 463
285 463
287 463
297 463
311 463
312 463
321 463
329 463
333 463
356 463
371 463
374 463
385 463
388 463
402 463
416 463
419 463
453 463
458 463
5 464
10 464
47 464
61 464
68 464
73 464
90 464
99 464
110 464
111 464
125 464
147 464
214 464
215 464
252 464
261 464
289 464
291 464
319 464
329 464
337 464
352 464
353 464
368 464
371 464
373 464
376 464
385 464
386 464
412 464
456 464
28 465
62 465
128 465
149 465
173 465
181 465
233 465
251 465
270 465
285 465
297 465
311 465
321 465
328 465
388 465
402 465
416 465
419 465
453 465
463 465
53 466
65 466
113 466
121 466
169 466
214 466
240 466
257 466
301 466
313 466
320 466
359 466
369 466
382 466
387 466
388 466
417 466
1 467
15 467
30 467
35 467
43 467
52 467
83 467
84 467
86 467
87 467
98 467
103 467
107 467
110 467
120 467
144 467
158 467
184 467
219 467
235 467
245 467
248 467
254 467
260 467
266 467
277 467
282 467
287 467
292 467
304 467
308 467
310 467
325 467
329 467
338 467
351 467
355 467
374 467
375 467
384 467
394 467
401 467
412 467
426 467
437 467
22 468
37 468
49 468
64 468
72 468
83 468
84 468
86 468
98 468
107 468
124 468
140 468
230 468
254 468
260 468
269 468
282 468
287 468
325 468
374 468
384 468
397 468
401 468
424 468
437 468
467 468
120 469
127 469
206 469
19 470
74 470
147 470
169 470
202 470
209 470
238 470
351 470
412 470
58 471
72 471
83 471
86 471
87 471
120 471
260 471
299 471
300 471
310 471
325 471
366 471
374 471
401 471
467 471
31 472
41 472
63 472
94 472
159 472
198 472
310 472
360 472
421 472
425 472
21 473
64 473
68 473
86 473
120 473
143 473
168 473
171 473
205 473
214 473
222 473
252 473
254 473
260 473
287 473
302 473
314 473
325 473
344 473
345 473
349 473
372 473
412 473
426 473
430 473
454 473
1 474
10 474
15 474
21 474
24 474
29 474
31 474
41 474
42 474
48 474
49 474
53 474
61 474
64 474
68 474
80 474
94 474
99 474
105 474
111 474
116 474
118 474
123 474
126 474
129 474
132 474
139 474
152 474
170 474
171 474
174 474
177 474
191 474
193 474
195 474
196 474
198 474
205 474
207 474
211 474
212 474
215 474
216 474
221 474
242 474
244 474
252 474
264 474
272 474
273 474
275 474
279 474
287 474
290 474
291 474
293 474
307 474
310 474
315 474
334 474
335 474
337 474
343 474
352 474
353 474
360 474
363 474
366 474
380 474
382 474
383 474
385 474
387 474
397 474
407 474
418 474
425 474
427 474
435 474
441 474
447 474
461 474
83 475
86 475
98 475
103 475
110 475
169 475
245 475
282 475
287 475
292 475
304 475
325 475
384 475
401 475
426 475
467 475
86 476
120 476
252 476
308 476
332 476
338 476
344 476
366 476
393 476
431 476
457 476
14 477
15 477
47 477
48 477
59 477
61 477
65 477
71 477
129 477
180 477
196 477
197 477
214 477
226 477
264 477
267 477
273 477
275 477
320 477
327 477
335 477
340 477
382 477
397 477
398 477
427 477
429 477
448 477
474 477
21 478
24 478
26 478
49 478
64 478
68 478
72 478
81 478
86 478
98 478
106 478
113 478
117 478
133 478
173 478
190 478
215 478
233 478
249 478
256 478
259 478
260 478
273 478
281 478
287 478
291 478
298 478
309 478
316 478
332 478
333 478
351 478
353 478
356 478
363 478
371 478
379 478
385 478
414 478
453 478
458 478
464 478
13 479
30 479
35 479
43 479
52 479
58 479
64 479
86 479
87 479
107 479
110 479
111 479
117 479
120 479
137 479
144 479
169 479
202 479
214 479
233 479
235 479
245 479
248 479
251 479
260 479
266 479
270 479
281 479
282 479
285 479
287 479
292 479
298 479
304 479
305 479
323 479
325 479
329 479
351 479
370 479
371 479
374 479
376 479
385 479
412 479
426 479
437 479
467 479
1 480
2 480
13 480
14 480
21 480
22 480
31 480
33 480
36 480
38 480
49 480
50 480
64 480
68 480
72 480
76 480
77 480
80 480
81 480
82 480
84 480
86 480
98 480
100 480
112 480
117 480
122 480
123 480
124 480
131 480
132 480
134 480
142 480
143 480
160 480
162 480
167 480
174 480
187 480
189 480
191 480
193 480
194 480
204 480
205 480
225 480
230 480
231 480
242 480
252 480
254 480
260 480
273 480
277 480
279 480
287 480
291 480
295 480
297 480
301 480
302 480
307 480
310 480
315 480
323 480
324 480
325 480
326 480
329 480
333 480
336 480
342 480
344 480
345 480
346 480
349 480
351 480
352 480
361 480
365 480
366 480
368 480
371 480
372 480
375 480
379 480
383 480
396 480
397 480
400 480
403 480
404 480
405 480
410 480
412 480
413 480
432 480
433 480
434 480
435 480
437 480
441 480
449 480
452 480
454 480
459 480
462 480
473 480
474 480
478 480
24 481
52 481
59 481
126 481
145 481
169 481
184 481
185 481
198 481
320 481
360 481
420 481
442 481
444 481
461 481
474 481
5 482
7 482
10 482
14 482
17 482
19 482
20 482
26 482
28 482
59 482
62 482
67 482
68 482
74 482
97 482
101 482
118 482
126 482
129 482
130 482
131 482
132 482
152 482
173 482
174 482
181 482
191 482
196 482
198 482
199 482
211 482
215 482
221 482
226 482
230 482
231 482
233 482
238 482
240 482
252 482
253 482
256 482
267 482
285 482
291 482
297 482
302 482
320 482
321 482
327 482
340 482
344 482
351 482
356 482
372 482
386 482
388 482
395 482
399 482
400 482
413 482
416 482
417 482
419 482
420 482
428 482
432 482
435 482
444 482
445 482
447 482
451 482
453 482
463 482
465 482
477 482
1 483
5 483
7 483
24 483
31 483
38 483
41 483
42 483
46 483
49 483
52 483
53 483
61 483
74 483
94 483
100 483
102 483
107 483
109 483
110 483
118 483
125 483
132 483
133 483
139 483
141 483
142 483
143 483
145 483
150 483
153 483
154 483
158 483
159 483
167 483
169 483
172 483
181 483
184 483
186 483
190 483
192 483
193 483
198 483
200 483
202 483
214 483
215 483
221 483
224 483
232 483
235 483
236 483
239 483
242 483
247 483
248 483
251 483
255 483
259 483
270 483
271 483
280 483
285 483
288 483
289 483
291 483
292 483
293 483
295 483
298 483
329 483
335 483
343 483
351 483
359 483
360 483
361 483
369 483
371 483
373 483
376 483
379 483
383 483
385 483
387 483
395 483
399 483
402 483
405 483
407 483
408 483
412 483
418 483
421 483
425 483
441 483
442 483
444 483
453 483
456 483
463 483
472 483
474 483
481 483
482 483
2 484
20 484
35 484
41 484
49 484
64 484
82 484
83 484
86 484
87 484
103 484
107 484
120 484
122 484
124 484
130 484
144 484
169 484
214 484
219 484
235 484
238 484
245 484
254 484
282 484
287 484
291 484
292 484
300 484
310 484
325 484
332 484
338 484
374 484
382 484
384 484
388 484
394 484
401 484
405 484
425 484
435 484
437 484
467 484
471 484
299 485
356 485
20 486
21 486
31 486
32 486
49 486
58 486
64 486
72 486
86 486
137 486
171 486
214 486
231 486
238 486
249 486
260 486
273 486
287 486
297 486
333 486
348 486
372 486
430 486
480 486
118 487
167 487
184 487
221 487
444 487
481 487
14 488
39 488
47 488
59 488
71 488
95 488
127 488
158 488
180 488
196 488
234 488
273 488
283 488
284 488
310 488
320 488
398 488
427 488
477 488
1 489
2 489
8 489
22 489
24 489
30 489
34 489
38 489
43 489
44 489
64 489
65 489
68 489
72 489
75 489
77 489
83 489
86 489
87 489
96 489
98 489
100 489
103 489
107 489
110 489
111 489
113 489
118 489
120 489
125 489
132 489
140 489
141 489
142 489
143 489
144 489
158 489
166 489
167 489
174 489
193 489
205 489
215 489
221 489
222 489
228 489
230 489
231 489
235 489
236 489
239 489
242 489
243 489
244 489
245 489
248 489
251 489
252 489
254 489
272 489
275 489
280 489
282 489
290 489
291 489
292 489
297 489
304 489
307 489
308 489
310 489
312 489
322 489
325 489
332 489
337 489
338 489
341 489
351 489
352 489
358 489
359 489
360 489
361 489
363 489
370 489
371 489
374 489
375 489
382 489
384 489
388 489
396 489
397 489
399 489
401 489
402 489
403 489
405 489
413 489
424 489
425 489
426 489
431 489
434 489
437 489
438 489
457 489
459 489
467 489
468 489
475 489
476 489
480 489
484 489
486 489
1 490
5 490
10 490
23 490
24 490
49 490
55 490
60 490
61 490
64 490
68 490
73 490
86 490
88 490
90 490
99 490
105 490
111 490
115 490
116 490
125 490
148 490
158 490
165 490
169 490
174 490
177 490
214 490
215 490
232 490
242 490
252 490
256 490
263 490
275 490
289 490
290 490
291 490
353 490
371 490
373 490
385 490
386 490
389 490
395 490
408 490
438 490
49 491
68 491
86 491
87 491
120 491
166 491
194 491
248 491
252 491
254 491
300 491
325 491
326 491
344 491
374 491
401 491
437 491
467 491
480 491
489 491
24 492
48 492
53 492
61 492
86 492
94 492
174 492
182 492
193 492
205 492
215 492
244 492
291 492
352 492
387 492
389 492
397 492
474 492
13 493
26 493
59 493
61 493
68 493
73 493
90 493
110 493
144 493
153 493
158 493
186 493
232 493
261 493
310 493
320 493
323 493
325 493
369 493
371 493
381 493
385 493
398 493
417 493
433 493
437 493
489 493
8 494
19 494
21 494
28 494
44 494
49 494
52 494
64 494
72 494
113 494
114 494
128 494
137 494
143 494
157 494
173 494
181 494
193 494
230 494
231 494
233 494
238 494
249 494
260 494
270 494
285 494
287 494
321 494
323 494
333 494
372 494
388 494
419 494
426 494
453 494
463 494
465 494
466 494
480 494
486 494
5 495
24 495
38 495
42 495
51 495
52 495
53 495
73 495
94 495
110 495
111 495
118 495
125 495
135 495
139 495
141 495
145 495
148 495
150 495
158 495
159 495
167 495
172 495
184 495
192 495
193 495
198 495
207 495
213 495
221 495
255 495
259 495
261 495
270 495
289 495
293 495
319 495
343 495
360 495
373 495
376 495
383 495
385 495
387 495
395 495
399 495
405 495
407 495
408 495
418 495
425 495
441 495
442 495
444 495
456 495
464 495
472 495
481 495
483 495
487 495
43 496
64 496
77 496
86 496
280 496
325 496
426 496
431 496
489 496
4 497
10 497
29 497
34 497
43 497
68 497
77 497
82 497
83 497
86 497
87 497
112 497
120 497
152 497
160 497
211 497
212 497
215 497
219 497
252 497
273 497
291 497
299 497
300 497
308 497
325 497
355 497
356 497
374 497
380 497
396 497
401 497
416 497
417 497
435 497
438 497
439 497
454 497
457 497
471 497
476 497
480 497
482 497
484 497
489 497
491 497
496 497
14 498
39 498
47 498
71 498
96 498
144 498
169 498
196 498
209 498
214 498
216 498
270 498
273 498
301 498
327 498
336 498
343 498
382 498
398 498
417 498
421 498
431 498
20 499
24 499
31 499
36 499
38 499
41 499
42 499
45 499
47 499
49 499
53 499
59 499
63 499
94 499
99 499
101 499
118 499
127 499
135 499
141 499
150 499
192 499
193 499
194 499
198 499
221 499
223 499
246 499
252 499
255 499
259 499
264 499
291 499
302 499
344 499
346 499
360 499
383 499
394 499
398 499
399 499
407 499
408 499
418 499
425 499
431 499
441 499
444 499
472 499
483 499
495 499
1 500
5 500
12 500
68 500
73 500
90 500
102 500
105 500
111 500
125 500
142 500
147 500
169 500
186 500
220 500
232 500
248 500
250 500
261 500
277 500
291 500
295 500
319 500
337 500
358 500
369 500
371 500
373 500
379 500
385 500
389 500
390 500
402 500
412 500
437 500
438 500
464 500
489 500
490 500
493 500
20 501
51 501
54 501
62 501
67 501
74 501
93 501
130 501
152 501
182 501
213 501
216 501
227 501
238 501
252 501
297 501
356 501
378 501
388 501
406 501
419 501
432 501
445 501
451 501
458 501
1 502
5 502
24 502
35 502
43 502
49 502
52 502
58 502
64 502
69 502
74 502
77 502
83 502
84 502
86 502
98 502
107 502
110 502
117 502
120 502
122 502
133 502
137 502
144 502
153 502
154 502
157 502
169 502
181 502
190 502
198 502
202 502
219 502
228 502
235 502
248 502
251 502
254 502
273 502
282 502
285 502
287 502
292 502
304 502
323 502
325 502
337 502
338 502
351 502
355 502
361 502
371 502
374 502
375 502
376 502
384 502
386 502
394 502
401 502
404 502
405 502
412 502
425 502
426 502
439 502
442 502
453 502
456 502
457 502
467 502
470 502
471 502
475 502
476 502
479 502
483 502
484 502
489 502
491 502
3 503
19 503
21 503
31 503
52 503
58 503
64 503
68 503
92 503
104 503
107 503
109 503
110 503
114 503
117 503
125 503
128 503
137 503
149 503
161 503
169 503
171 503
173 503
181 503
198 503
204 503
214 503
233 503
248 503
251 503
260 503
270 503
285 503
298 503
303 503
323 503
326 503
333 503
351 503
366 503
367 503
370 503
371 503
372 503
374 503
376 503
388 503
389 503
412 503
419 503
437 503
442 503
453 503
463 503
478 503
479 503
482 503
494 503
502 503
21 504
47 504
59 504
64 504
120 504
127 504
129 504
158 504
186 504
261 504
273 504
281 504
301 504
325 504
344 504
347 504
371 504
398 504
403 504
427 504
437 504
448 504
456 504
482 504
487 504
489 504
493 504
1 505
5 505
13 505
24 505
43 505
49 505
52 505
64 505
74 505
83 505
84 505
86 505
103 505
107 505
110 505
125 505
144 505
147 505
153 505
154 505
169 505
174 505
219 505
236 505
248 505
251 505
254 505
261 505
282 505
285 505
287 505
292 505
295 505
303 505
304 505
325 505
329 505
337 505
338 505
351 505
361 505
371 505
374 505
375 505
376 505
379 505
384 505
401 505
416 505
426 505
442 505
456 505
470 505
475 505
479 505
484 505
489 505
493 505
500 505
502 505
43 506
49 506
120 506
219 506
273 506
281 506
300 506
310 506
325 506
351 506
356 506
374 506
457 506
467 506
471 506
476 506
478 506
480 506
491 506
497 506
86 507
107 507
110 507
214 507
235 507
248 507
325 507
374 507
417 507
437 507
479 507
502 507
503 507
1 508
5 508
8 508
9 508
10 508
19 508
20 508
26 508
28 508
31 508
32 508
41 508
45 508
51 508
54 508
55 508
59 508
60 508
61 508
62 508
64 508
67 508
68 508
73 508
74 508
76 508
84 508
88 508
90 508
92 508
93 508
99 508
101 508
106 508
111 508
113 508
116 508
118 508
121 508
125 508
130 508
132 508
133 508
136 508
137 508
147 508
148 508
152 508
156 508
158 508
161 508
164 508
167 508
170 508
173 508
184 508
188 508
190 508
191 508
192 508
196 508
198 508
207 508
209 508
211 508
213 508
214 508
215 508
216 508
220 508
221 508
226 508
231 508
236 508
238 508
240 508
246 508
249 508
252 508
253 508
255 508
256 508
270 508
276 508
287 508
289 508
297 508
303 508
306 508
310 508
319 508
321 508
337 508
342 508
343 508
348 508
353 508
356 508
361 508
370 508
372 508
373 508
376 508
378 508
382 508
383 508
385 508
386 508
388 508
391 508
395 508
398 508
399 508
406 508
407 508
409 508
413 508
414 508
417 508
418 508
419 508
420 508
425 508
428 508
431 508
432 508
438 508
441 508
443 508
444 508
445 508
450 508
451 508
453 508
455 508
456 508
458 508
461 508
464 508
472 508
474 508
478 508
482 508
486 508
490 508
498 508
499 508
501 508
10 509
34 509
62 509
68 509
120 509
127 509
163 509
237 509
287 509
299 509
302 509
321 509
332 509
351 509
356 509
366 509
386 509
388 509
410 509
458 509
482 509
506 509
1 510
7 510
12 510
13 510
19 510
41 510
43 510
49 510
52 510
58 510
64 510
90 510
107 510
115 510
117 510
134 510
137 510
142 510
143 510
144 510
152 510
153 510
186 510
187 510
189 510
191 510
198 510
202 510
204 510
230 510
236 510
248 510
260 510
292 510
295 510
298 510
302 510
305 510
318 510
323 510
326 510
329 510
344 510
345 510
351 510
361 510
371 510
376 510
379 510
389 510
396 510
397 510
401 510
405 510
412 510
421 510
433 510
435 510
437 510
442 510
454 510
459 510
479 510
480 510
482 510
483 510
17 511
29 511
59 511
176 511
191 511
212 511
221 511
234 511
240 511
243 511
280 511
310 511
382 511
1 512
20 512
30 512
34 512
35 512
43 512
77 512
83 512
84 512
98 512
103 512
107 512
120 512
130 512
144 512
219 512
231 512
235 512
245 512
248 512
252 512
254 512
300 512
310 512
325 512
374 512
434 512
437 512
467 512
471 512
484 512
491 512
497 512
502 512
505 512
4 513
29 513
45 513
68 513
99 513
116 513
117 513
120 513
123 513
129 513
188 513
191 513
205 513
211 513
212 513
215 513
291 513
334 513
337 513
352 513
353 513
357 513
435 513
447 513
456 513
474 513
483 513
497 513
2 514
10 514
13 514
21 514
24 514
26 514
31 514
33 514
36 514
41 514
50 514
52 514
56 514
60 514
71 514
78 514
84 514
93 514
99 514
100 514
107 514
112 514
120 514
122 514
134 514
143 514
160 514
162 514
163 514
167 514
179 514
183 514
186 514
187 514
189 514
193 514
195 514
201 514
204 514
210 514
211 514
216 514
223 514
229 514
230 514
237 514
238 514
244 514
252 514
254 514
256 514
267 514
273 514
276 514
290 514
291 514
302 514
305 514
306 514
307 514
310 514
314 514
315 514
322 514
323 514
325 514
326 514
328 514
329 514
333 514
334 514
342 514
344 514
345 514
346 514
347 514
349 514
361 514
363 514
364 514
365 514
366 514
379 514
388 514
389 514
396 514
397 514
405 514
412 514
416 514
417 514
418 514
421 514
422 514
425 514
427 514
430 514
435 514
437 514
443 514
447 514
454 514
459 514
473 514
474 514
480 514
484 514
488 514
491 514
493 514
497 514
500 514
502 514
510 514
6 515
24 515
38 515
49 515
52 515
53 515
59 515
63 515
64 515
71 515
94 515
132 515
150 515
169 515
174 515
184 515
193 515
198 515
214 515
221 515
244 515
273 515
287 515
335 515
360 515
387 515
399 515
401 515
407 515
408 515
418 515
425 515
441 515
483 515
489 515
495 515
499 515
2 516
6 516
11 516
20 516
21 516
26 516
29 516
62 516
69 516
72 516
83 516
84 516
86 516
99 516
101 516
118 516
120 516
121 516
131 516
134 516
169 516
193 516
201 516
215 516
219 516
223 516
238 516
252 516
256 516
260 516
280 516
287 516
291 516
302 516
321 516
324 516
325 516
332 516
338 516
344 516
351 516
361 516
366 516
374 516
382 516
384 516
394 516
396 516
399 516
407 516
413 516
417 516
426 516
428 516
431 516
456 516
457 516
476 516
482 516
484 516
489 516
508 516
514 516
22 517
64 517
68 517
124 517
129 517
140 517
194 517
198 517
269 517
273 517
281 517
282 517
316 517
344 517
352 517
374 517
420 517
424 517
430 517
449 517
453 517
461 517
468 517
480 517
482 517
489 517
504 517
1 518
5 518
26 518
52 518
68 518
73 518
90 518
99 518
110 518
111 518
115 518
125 518
149 518
169 518
186 518
190 518
214 518
252 518
270 518
289 518
291 518
329 518
337 518
353 518
371 518
373 518
376 518
383 518
385 518
389 518
395 518
402 518
412 518
490 518
500 518
36 519
50 519
58 519
173 519
187 519
195 519
201 519
223 519
229 519
238 519
302 519
310 519
329 519
334 519
339 519
344 519
346 519
347 519
396 519
397 519
412 519
435 519
454 519
514 519
13 520
24 520
41 520
52 520
64 520
94 520
100 520
102 520
117 520
144 520
145 520
147 520
154 520
198 520
215 520
235 520
255 520
259 520
261 520
271 520
277 520
289 520
305 520
329 520
360 520
371 520
376 520
389 520
395 520
402 520
407 520
412 520
420 520
433 520
437 520
441 520
444 520
461 520
483 520
495 520
510 520
7 521
8 521
10 521
11 521
15 521
19 521
20 521
28 521
37 521
44 521
46 521
52 521
62 521
67 521
72 521
76 521
85 521
97 521
106 521
113 521
114 521
126 521
128 521
130 521
137 521
149 521
152 521
157 521
169 521
173 521
178 521
181 521
185 521
193 521
209 521
211 521
213 521
217 521
233 521
238 521
240 521
251 521
253 521
256 521
270 521
285 521
297 521
311 521
312 521
315 521
320 521
321 521
322 521
328 521
356 521
361 521
372 521
388 521
402 521
410 521
413 521
416 521
419 521
428 521
432 521
438 521
445 521
453 521
458 521
463 521
465 521
466 521
478 521
482 521
489 521
494 521
501 521
508 521
509 521
512 521
64 522
86 522
131 522
140 522
273 522
287 522
346 522
437 522
1 523
7 523
11 523
19 523
46 523
89 523
110 523
113 523
128 523
149 523
169 523
181 523
211 523
233 523
251 523
270 523
285 523
305 523
311 523
321 523
328 523
369 523
376 523
388 523
395 523
402 523
428 523
453 523
463 523
495 523
502 523
505 523
521 523
17 524
19 524
44 524
62 524
97 524
126 524
149 524
152 524
169 524
199 524
211 524
240 524
253 524
311 524
320 524
382 524
388 524
416 524
428 524
453 524
482 524
521 524
68 525
131 525
474 525
1 526
5 526
10 526
12 526
24 526
52 526
68 526
73 526
90 526
104 526
105 526
109 526
111 526
115 526
125 526
147 526
148 526
177 526
190 526
233 526
236 526
256 526
271 526
289 526
295 526
298 526
319 526
329 526
332 526
337 526
353 526
371 526
373 526
385 526
386 526
389 526
395 526
442 526
500 526
502 526
505 526
508 526
518 526
68 527
129 527
186 527
196 527
273 527
283 527
477 527
5 528
7 528
8 528
11 528
14 528
19 528
21 528
28 528
34 528
44 528
49 528
62 528
64 528
67 528
68 528
72 528
74 528
86 528
97 528
101 528
106 528
110 528
113 528
120 528
122 528
128 528
130 528
132 528
136 528
137 528
149 528
152 528
156 528
157 528
163 528
164 528
166 528
169 528
173 528
181 528
188 528
191 528
193 528
194 528
198 528
211 528
215 528
216 528
223 528
226 528
233 528
238 528
239 528
249 528
251 528
252 528
256 528
262 528
265 528
267 528
270 528
285 528
289 528
291 528
297 528
299 528
302 528
310 528
311 528
319 528
321 528
324 528
328 528
333 528
340 528
344 528
351 528
353 528
356 528
360 528
361 528
372 528
373 528
374 528
376 528
382 528
386 528
388 528
395 528
399 528
406 528
409 528
413 528
416 528
417 528
419 528
428 528
432 528
438 528
442 528
445 528
453 528
454 528
455 528
458 528
463 528
465 528
470 528
476 528
478 528
482 528
489 528
491 528
494 528
495 528
497 528
506 528
508 528
509 528
516 528
521 528
524 528
12 529
13 529
86 529
87 529
107 529
109 529
110 529
143 529
144 529
147 529
153 529
202 529
235 529
248 529
305 529
323 529
325 529
329 529
351 529
376 529
395 529
401 529
412 529
433 529
437 529
444 529
463 529
479 529
489 529
512 529
2 530
23 530
33 530
76 530
78 530
84 530
86 530
103 530
122 530
123 530
124 530
126 530
129 530
131 530
133 530
158 530
160 530
161 530
171 530
191 530
194 530
195 530
196 530
198 530
214 530
217 530
231 530
240 530
252 530
271 530
273 530
277 530
279 530
297 530
307 530
313 530
325 530
342 530
354 530
357 530
382 530
400 530
404 530
427 530
432 530
449 530
459 530
480 530
511 530
22 531
64 531
124 531
140 531
260 531
269 531
273 531
301 531
412 531
424 531
468 531
489 531
517 531
6 532
10 532
14 532
24 532
29 532
31 532
41 532
42 532
49 532
53 532
59 532
64 532
68 532
71 532
91 532
94 532
95 532
98 532
99 532
100 532
107 532
109 532
117 532
120 532
123 532
129 532
132 532
135 532
141 532
152 532
154 532
167 532
169 532
170 532
171 532
186 532
191 532
193 532
198 532
210 532
212 532
215 532
219 532
224 532
242 532
244 532
252 532
273 532
277 532
291 532
333 532
343 532
351 532
353 532
360 532
366 532
374 532
383 532
399 532
407 532
418 532
425 532
435 532
441 532
444 532
447 532
456 532
474 532
478 532
480 532
483 532
490 532
491 532
497 532
505 532
506 532
508 532
513 532
514 532
527 532
1 533
26 533
55 533
59 533
60 533
61 533
73 533
88 533
90 533
99 533
121 533
125 533
177 533
183 533
215 533
252 533
262 533
274 533
289 533
290 533
314 533
319 533
332 533
368 533
371 533
386 533
395 533
406 533
438 533
1 534
2 534
23 534
29 534
33 534
38 534
43 534
54 534
59 534
60 534
64 534
68 534
69 534
84 534
91 534
122 534
124 534
129 534
131 534
132 534
171 534
191 534
193 534
194 534
195 534
196 534
212 534
214 534
216 534
217 534
219 534
224 534
230 534
239 534
240 534
248 534
254 534
260 534
261 534
273 534
277 534
287 534
291 534
302 534
307 534
313 534
325 534
333 534
334 534
338 534
342 534
354 534
357 534
361 534
363 534
366 534
382 534
383 534
394 534
396 534
398 534
399 534
400 534
404 534
413 534
425 534
431 534
432 534
435 534
449 534
455 534
456 534
468 534
480 534
484 534
489 534
508 534
514 534
516 534
530 534
21 535
143 535
187 535
234 535
280 535
302 535
346 535
361 535
381 535
396 535
413 535
435 535
454 535
480 535
514 535
10 536
31 536
49 536
52 536
53 536
71 536
94 536
100 536
109 536
132 536
141 536
143 536
150 536
169 536
172 536
184 536
193 536
198 536
214 536
221 536
273 536
281 536
298 536
301 536
309 536
326 536
343 536
360 536
399 536
405 536
407 536
418 536
441 536
444 536
474 536
483 536
531 536
532 536
35 537
64 537
86 537
98 537
110 537
120 537
194 537
230 537
260 537
282 537
325 537
326 537
374 537
437 537
468 537
491 537
503 537
1 538
30 538
74 538
83 538
86 538
110 538
144 538
158 538
198 538
266 538
282 538
287 538
337 538
351 538
355 538
373 538
374 538
389 538
401 538
426 538
437 538
442 538
467 538
489 538
502 538
503 538
7 539
13 539
19 539
21 539
24 539
26 539
28 539
68 539
86 539
107 539
128 539
148 539
149 539
169 539
173 539
181 539
198 539
209 539
216 539
233 539
252 539
261 539
270 539
277 539
285 539
287 539
289 539
311 539
323 539
329 539
333 539
335 539
351 539
368 539
373 539
386 539
388 539
395 539
402 539
408 539
412 539
421 539
433 539
437 539
444 539
463 539
464 539
494 539
502 539
503 539
521 539
523 539
528 539
1 540
104 540
107 540
148 540
154 540
161 540
171 540
186 540
214 540
248 540
277 540
291 540
295 540
337 540
371 540
373 540
374 540
379 540
389 540
412 540
430 540
437 540
483 540
505 540
518 540
526 540
10 541
26 541
68 541
99 541
125 541
252 541
385 541
386 541
478 541
508 541
29 542
86 542
287 542
417 542
68 543
7 544
19 544
28 544
44 544
46 544
56 544
62 544
68 544
75 544
86 544
97 544
113 544
114 544
119 544
126 544
128 544
130 544
132 544
137 544
149 544
157 544
169 544
173 544
181 544
211 544
233 544
251 544
270 544
285 544
287 544
297 544
305 544
311 544
321 544
328 544
329 544
333 544
356 544
376 544
388 544
402 544
412 544
416 544
419 544
428 544
453 544
458 544
463 544
465 544
482 544
494 544
503 544
521 544
523 544
528 544
539 544
16 545
100 545
158 545
194 545
214 545
228 545
232 545
301 545
322 545
342 545
352 545
359 545
387 545
401 545
417 545
466 545
19 546
62 546
68 546
74 546
92 546
100 546
113 546
130 546
152 546
182 546
189 546
216 546
231 546
233 546
238 546
297 546
322 546
345 546
363 546
378 546
397 546
402 546
406 546
414 546
416 546
432 546
441 546
451 546
453 546
458 546
465 546
482 546
501 546
508 546
521 546
524 546
528 546
544 546
200 547
52 548
86 548
168 548
252 548
254 548
290 548
314 548
325 548
430 548
473 548
514 548
480 549
489 549
15 550
47 550
48 550
59 550
65 550
127 550
141 550
158 550
185 550
196 550
197 550
209 550
214 550
246 550
247 550
261 550
320 550
327 550
335 550
337 550
340 550
350 550
376 550
377 550
398 550
417 550
455 550
456 550
495 550
7 551
19 551
28 551
35 551
43 551
44 551
46 551
62 551
64 551
74 551
83 551
84 551
86 551
103 551
107 551
110 551
113 551
117 551
119 551
120 551
133 551
137 551
144 551
149 551
169 551
173 551
181 551
193 551
202 551
209 551
214 551
233 551
245 551
248 551
251 551
254 551
270 551
285 551
287 551
289 551
292 551
305 551
311 551
312 551
321 551
323 551
325 551
328 551
329 551
340 551
341 551
351 551
362 551
371 551
374 551
376 551
378 551
383 551
388 551
412 551
416 551
419 551
421 551
423 551
426 551
437 551
453 551
463 551
465 551
467 551
470 551
471 551
479 551
482 551
483 551
489 551
501 551
502 551
503 551
505 551
506 551
512 551
521 551
523 551
528 551
538 551
539 551
544 551
15 552
48 552
49 552
59 552
65 552
85 552
96 552
127 552
158 552
169 552
174 552
185 552
196 552
197 552
205 552
209 552
214 552
219 552
236 552
246 552
264 552
301 552
320 552
335 552
350 552
382 552
397 552
398 552
429 552
455 552
456 552
466 552
474 552
477 552
489 552
492 552
550 552
7 553
8 553
10 553
11 553
19 553
28 553
44 553
46 553
52 553
56 553
62 553
67 553
75 553
101 553
113 553
126 553
128 553
149 553
157 553
169 553
173 553
181 553
211 553
233 553
251 553
270 553
285 553
287 553
311 553
312 553
321 553
328 553
333 553
356 553
388 553
395 553
399 553
402 553
410 553
416 553
419 553
428 553
453 553
458 553
463 553
465 553
503 553
521 553
523 553
524 553
528 553
539 553
544 553
551 553
10 554
13 554
14 554
47 554
49 554
58 554
68 554
117 554
134 554
143 554
163 554
187 554
194 554
202 554
215 554
218 554
223 554
229 554
237 554
249 554
260 554
281 554
287 554
295 554
302 554
305 554
310 554
326 554
329 554
346 554
361 554
365 554
366 554
372 554
376 554
382 554
396 554
397 554
412 554
413 554
433 554
435 554
452 554
454 554
480 554
510 554
514 554
528 554
535 554
20 555
35 555
41 555
64 555
68 555
69 555
84 555
86 555
87 555
110 555
120 555
129 555
130 555
134 555
144 555
166 555
167 555
188 555
245 555
248 555
252 555
254 555
282 555
292 555
299 555
306 555
308 555
310 555
325 555
334 555
338 555
351 555
355 555
361 555
374 555
394 555
398 555
401 555
405 555
417 555
426 555
431 555
435 555
437 555
451 555
452 555
467 555
475 555
484 555
489 555
497 555
502 555
505 555
506 555
509 555
516 555
551 555
35 556
83 556
120 556
134 556
366 556
413 556
504 556
555 556
13 557
49 557
64 557
117 557
134 557
143 557
187 557
189 557
202 557
230 557
249 557
260 557
287 557
302 557
305 557
310 557
323 557
326 557
329 557
333 557
345 557
361 557
365 557
372 557
397 557
412 557
413 557
421 557
426 557
433 557
454 557
459 557
473 557
480 557
486 557
489 557
514 557
65 558
169 558
301 558
335 558
397 558
477 558
552 558
13 559
52 559
58 559
64 559
104 559
107 559
117 559
143 559
153 559
169 559
187 559
204 559
260 559
281 559
287 559
295 559
302 559
305 559
326 559
329 559
345 559
351 559
372 559
376 559
397 559
412 559
421 559
433 559
437 559
444 559
454 559
479 559
503 559
505 559
540 559
553 559
86 560
120 560
431 560
497 560
6 561
24 561
31 561
38 561
41 561
42 561
52 561
53 561
59 561
74 561
94 561
100 561
104 561
109 561
118 561
132 561
139 561
141 561
145 561
150 561
159 561
167 561
169 561
172 561
184 561
192 561
193 561
198 561
255 561
259 561
288 561
298 561
311 561
320 561
337 561
343 561
360 561
383 561
385 561
387 561
399 561
405 561
407 561
408 561
418 561
425 561
441 561
444 561
453 561
456 561
472 561
474 561
481 561
483 561
495 561
499 561
515 561
520 561
532 561
43 562
64 562
77 562
86 562
98 562
103 562
228 562
231 562
254 562
260 562
280 562
282 562
287 562
325 562
351 562
358 562
374 562
375 562
384 562
401 562
405 562
434 562
435 562
437 562
467 562
489 562
502 562
505 562
14 563
15 563
16 563
47 563
48 563
52 563
59 563
61 563
65 563
76 563
85 563
89 563
96 563
110 563
113 563
127 563
141 563
158 563
180 563
185 563
188 563
192 563
196 563
197 563
206 563
209 563
211 563
214 563
222 563
226 563
228 563
236 563
239 563
244 563
246 563
247 563
261 563
264 563
267 563
273 563
277 563
296 563
301 563
311 563
315 563
320 563
327 563
335 563
340 563
347 563
350 563
359 563
369 563
382 563
383 563
397 563
398 563
399 563
403 563
417 563
427 563
429 563
448 563
455 563
456 563
464 563
466 563
474 563
477 563
488 563
489 563
492 563
504 563
521 563
529 563
544 563
550 563
552 563
558 563
1 564
23 564
24 564
29 564
45 564
68 564
99 564
105 564
111 564
116 564
125 564
147 564
174 564
182 564
186 564
190 564
205 564
207 564
212 564
214 564
215 564
232 564
242 564
244 564
252 564
256 564
263 564
273 564
277 564
287 564
291 564
313 564
322 564
332 564
352 564
353 564
354 564
360 564
363 564
369 564
371 564
389 564
401 564
402 564
405 564
447 564
461 564
474 564
478 564
481 564
487 564
489 564
490 564
492 564
545 564
86 565
120 565
280 565
344 565
1 566
2 566
10 566
14 566
31 566
33 566
34 566
35 566
38 566
43 566
49 566
50 566
64 566
68 566
72 566
73 566
77 566
83 566
84 566
86 566
87 566
91 566
97 566
98 566
100 566
103 566
112 566
120 566
123 566
124 566
127 566
132 566
133 566
143 566
144 566
147 566
151 566
154 566
160 566
162 566
166 566
167 566
168 566
191 566
193 566
194 566
205 566
214 566
219 566
228 566
231 566
239 566
242 566
245 566
246 566
248 566
252 566
254 566
257 566
260 566
273 566
277 566
279 566
280 566
282 566
287 566
291 566
297 566
307 566
314 566
325 566
330 566
333 566
336 566
338 566
343 566
344 566
345 566
351 566
363 566
364 566
371 566
374 566
375 566
382 566
384 566
393 566
394 566
397 566
399 566
401 566
405 566
413 566
415 566
418 566
426 566
427 566
430 566
434 566
437 566
440 566
441 566
451 566
452 566
457 566
459 566
468 566
471 566
473 566
474 566
476 566
480 566
482 566
484 566
489 566
491 566
496 566
502 566
505 566
512 566
521 566
528 566
534 566
546 566
548 566
555 566
562 566
565 566
15 567
19 567
62 567
97 567
126 567
152 567
197 567
199 567
211 567
217 567
226 567
240 567
257 567
310 567
340 567
382 567
397 567
428 567
453 567
474 567
477 567
521 567
524 567
544 567
552 567
1 568
5 568
10 568
26 568
58 568
61 568
68 568
73 568
86 568
90 568
99 568
110 568
115 568
116 568
117 568
125 568
140 568
148 568
158 568
198 568
207 568
215 568
216 568
232 568
236 568
252 568
261 568
281 568
287 568
289 568
291 568
329 568
332 568
337 568
351 568
353 568
368 568
371 568
373 568
376 568
385 568
386 568
395 568
402 568
406 568
412 568
442 568
456 568
490 568
495 568
500 568
508 568
526 568
533 568
32 569
42 569
92 569
93 569
156 569
306 569
348 569
363 569
391 569
443 569
503 569
13 570
14 570
19 570
28 570
44 570
46 570
110 570
114 570
117 570
128 570
137 570
149 570
157 570
169 570
173 570
181 570
214 570
225 570
233 570
251 570
270 570
285 570
287 570
289 570
298 570
311 570
376 570
388 570
395 570
399 570
412 570
419 570
444 570
453 570
463 570
483 570
494 570
495 570
503 570
520 570
521 570
523 570
528 570
544 570
551 570
553 570
284 571
404 571
317 572
10 573
24 573
26 573
45 573
55 573
59 573
61 573
68 573
73 573
86 573
90 573
99 573
110 573
111 573
116 573
127 573
129 573
164 573
171 573
188 573
190 573
194 573
198 573
214 573
215 573
238 573
239 573
252 573
256 573
262 573
285 573
289 573
290 573
295 573
302 573
306 573
319 573
320 573
332 573
334 573
337 573
340 573
344 573
351 573
353 573
355 573
371 573
373 573
376 573
385 573
386 573
395 573
399 573
406 573
409 573
426 573
438 573
455 573
457 573
489 573
490 573
495 573
499 573
502 573
508 573
509 573
528 573
533 573
7 574
8 574
10 574
20 574
33 574
68 574
74 574
93 574
120 574
132 574
137 574
147 574
152 574
156 574
165 574
169 574
190 574
196 574
207 574
213 574
227 574
238 574
249 574
252 574
256 574
267 574
268 574
287 574
291 574
297 574
306 574
310 574
343 574
344 574
351 574
372 574
378 574
386 574
395 574
406 574
409 574
413 574
422 574
451 574
458 574
465 574
469 574
470 574
482 574
501 574
508 574
528 574
568 574
12 575
13 575
143 575
153 575
187 575
194 575
211 575
229 575
237 575
260 575
310 575
323 575
345 575
346 575
396 575
397 575
433 575
454 575
480 575
497 575
510 575
514 575
554 575
7 576
8 576
11 576
19 576
28 576
44 576
46 576
52 576
56 576
62 576
75 576
97 576
101 576
106 576
107 576
113 576
114 576
126 576
128 576
130 576
132 576
149 576
157 576
169 576
173 576
181 576
211 576
233 576
238 576
240 576
249 576
251 576
253 576
270 576
285 576
287 576
297 576
305 576
311 576
312 576
321 576
322 576
328 576
333 576
356 576
374 576
376 576
383 576
388 576
402 576
413 576
416 576
419 576
428 576
453 576
458 576
463 576
465 576
466 576
479 576
482 576
503 576
521 576
523 576
524 576
528 576
539 576
544 576
546 576
551 576
553 576
567 576
570 576
18 577
37 577
26 578
68 578
73 578
90 578
111 578
120 578
144 578
163 578
252 578
262 578
332 578
334 578
353 578
381 578
385 578
386 578
573 578
83 579
86 579
87 579
120 579
252 579
279 579
325 579
439 579
566 579
1 580
5 580
6 580
10 580
23 580
26 580
29 580
54 580
73 580
88 580
90 580
94 580
99 580
100 580
111 580
118 580
125 580
132 580
148 580
164 580
174 580
190 580
205 580
207 580
215 580
242 580
252 580
256 580
262 580
289 580
291 580
319 580
332 580
337 580
343 580
363 580
365 580
373 580
385 580
386 580
395 580
406 580
438 580
447 580
464 580
474 580
478 580
490 580
508 580
526 580
528 580
541 580
564 580
568 580
573 580
578 580
1 581
14 581
24 581
31 581
41 581
42 581
48 581
52 581
59 581
76 581
94 581
110 581
118 581
132 581
139 581
141 581
145 581
148 581
150 581
158 581
159 581
172 581
184 581
193 581
198 581
212 581
214 581
221 581
224 581
226 581
255 581
259 581
264 581
273 581
289 581
293 581
298 581
319 581
340 581
343 581
360 581
373 581
383 581
387 581
399 581
405 581
407 581
408 581
418 581
425 581
441 581
442 581
444 581
456 581
472 581
474 581
481 581
483 581
487 581
495 581
515 581
536 581
550 581
561 581
564 581
580 581
31 582
59 582
84 582
118 582
152 582
160 582
191 582
193 582
198 582
291 582
399 582
404 582
418 582
444 582
483 582
499 582
514 582
532 582
566 582
64 583
102 583
104 583
106 583
107 583
145 583
161 583
171 583
179 583
200 583
204 583
214 583
220 583
222 583
231 583
233 583
236 583
261 583
298 583
303 583
329 583
351 583
358 583
359 583
362 583
366 583
367 583
412 583
420 583
430 583
437 583
461 583
481 583
486 583
503 583
540 583
559 583
33 584
68 584
77 584
78 584
91 584
112 584
116 584
122 584
162 584
191 584
195 584
212 584
231 584
265 584
272 584
279 584
283 584
313 584
354 584
427 584
454 584
474 584
489 584
6 585
24 585
38 585
41 585
49 585
53 585
63 585
90 585
94 585
100 585
122 585
132 585
141 585
143 585
145 585
150 585
159 585
167 585
184 585
193 585
198 585
244 585
255 585
259 585
273 585
301 585
343 585
345 585
360 585
374 585
387 585
397 585
399 585
405 585
407 585
418 585
425 585
441 585
444 585
480 585
483 585
484 585
499 585
515 585
536 585
555 585
561 585
581 585
13 586
64 586
81 586
134 586
143 586
248 586
281 586
309 586
323 586
344 586
345 586
366 586
371 586
397 586
413 586
431 586
480 586
554 586
556 586
36 587
40 587
49 587
58 587
68 587
72 587
114 587
117 587
134 587
143 587
163 587
164 587
187 587
201 587
204 587
223 587
230 587
237 587
238 587
295 587
302 587
310 587
326 587
329 587
334 587
344 587
353 587
361 587
396 587
397 587
412 587
421 587
454 587
480 587
514 587
519 587
554 587
574 587
5 588
7 588
8 588
19 588
20 588
28 588
32 588
51 588
52 588
62 588
64 588
67 588
74 588
92 588
93 588
97 588
101 588
106 588
111 588
117 588
126 588
128 588
130 588
132 588
137 588
139 588
147 588
149 588
152 588
154 588
156 588
158 588
161 588
169 588
173 588
174 588
181 588
204 588
211 588
213 588
214 588
220 588
227 588
231 588
233 588
238 588
270 588
285 588
287 588
289 588
297 588
306 588
311 588
321 588
323 588
328 588
329 588
334 588
356 588
370 588
372 588
376 588
378 588
388 588
389 588
391 588
395 588
399 588
406 588
412 588
413 588
416 588
419 588
420 588
428 588
432 588
445 588
451 588
453 588
456 588
458 588
461 588
463 588
476 588
482 588
483 588
486 588
501 588
508 588
521 588
523 588
528 588
544 588
546 588
551 588
553 588
570 588
574 588
576 588
581 588
15 589
47 589
48 589
52 589
59 589
76 589
111 589
158 589
161 589
162 589
185 589
196 589
197 589
209 589
214 589
222 589
236 589
247 589
261 589
277 589
285 589
297 589
320 589
335 589
350 589
359 589
371 589
374 589
398 589
412 589
417 589
429 589
455 589
456 589
540 589
550 589
563 589
1 590
25 590
26 590
45 590
60 590
61 590
68 590
90 590
99 590
116 590
121 590
125 590
170 590
174 590
177 590
191 590
195 590
205 590
207 590
212 590
215 590
263 590
265 590
272 590
275 590
319 590
337 590
353 590
363 590
373 590
414 590
436 590
447 590
450 590
490 590
